VALEUR,#octave,#silvestre,#scapin,#hyacinthe,#argante,#geronte,#leandre,#carle,#zerbinette,#nerine
Fréquences (scènes),0.2692307692307692,0.5,0.5384615384615384,0.15384615384615385,0.46153846153846156,0.46153846153846156,0.19230769230769232,0.07692307692307693,0.15384615384615385,0.038461538461538464
Fréquences(répliques),0.0,0.0,0.0,0.0,0.0,0.0,0.0,0.0,0.0,0.0
Confrontation,0.1111111111111111,0.16666666666666666,0.16049382716049382,0.08641975308641975,0.15432098765432098,0.1419753086419753,0.06790123456790123,0.030864197530864196,0.06172839506172839,0.018518518518518517
Déviations,#octave,#silvestre,#scapin,#hyacinthe,#argante,#geronte,#leandre,#carle,#zerbinette,#nerine
#octave,13.884615384615383,0.07142857142857142,0.4018838304552591,0.7912087912087908,1.5402930402930401,1.5402930402930401,2.0318681318681318,0.3956043956043954,0.0054945054945055175,0.2692307692307693
#silvestre,0.07142857142857142,6.5,0.0,0.5,0.0,1.5,2.5,1.0,0.5,0.5
#scapin,0.4018838304552591,0.0,5.538461538461539,0.010989010989011035,0.9377289377289378,1.8543956043956045,0.035164835164835116,0.0054945054945055175,0.6181318681318684,0.5384615384615385
#hyacinthe,0.7912087912087914,0.5,0.010989010989010974,18.615384615384613,0.012820512820512803,0.012820512820512803,0.0692307692307692,0.3076923076923077,3.115384615384615,0.15384615384615385
#argante,1.5402930402930401,0.0,0.9377289377289378,0.012820512820512803,7.538461538461539,1.0940170940170941,0.7410256410256412,0.006410256410256401,0.38782051282051294,0.6282051282051281
#geronte,1.5402930402930401,1.5,1.8543956043956045,0.012820512820512803,1.0940170940170941,7.538461538461539,0.04102564102564109,0.006410256410256401,0.012820512820512803,0.6282051282051281
#leandre,2.031868131868132,2.5,0.03516483516483523,0.0692307692307692,0.7410256410256412,0.04102564102564109,16.96153846153846,0.9846153846153847,0.7692307692307693,0.19230769230769232
#carle,0.3956043956043957,1.0,0.005494505494505487,0.3076923076923077,0.006410256410256401,0.006410256410256401,0.9846153846153847,22.153846153846157,0.3076923076923077,0.07692307692307693
#zerbinette,0.005494505494505487,0.5,0.618131868131868,3.115384615384615,0.38782051282051294,0.012820512820512803,0.7692307692307693,0.3076923076923077,18.615384615384613,0.15384615384615385
#nerine,0.2692307692307692,0.5,0.5384615384615384,0.15384615384615385,0.6282051282051281,0.6282051282051281,0.19230769230769232,0.07692307692307693,0.15384615384615385,24.038461538461537
Successions,#octave,#silvestre,#scapin,#hyacinthe,#argante,#geronte,#leandre,#carle,#zerbinette,#nerine
#octave,0.0,0.2465753424657534,0.4931506849315068,0.0821917808219178,0.0547945205479452,0.0136986301369863,0.1095890410958904,0.0,0.0,0.0
#silvestre,0.32075471698113206,0.0,0.4716981132075472,0.0,0.09433962264150944,0.05660377358490566,0.018867924528301886,0.0,0.03773584905660377,0.0
#scapin,0.1407942238267148,0.09386281588447654,0.007220216606498195,0.010830324909747292,0.3249097472924188,0.259927797833935,0.1371841155234657,0.0036101083032490976,0.021660649819494584,0.0
#hyacinthe,0.4375,0.0625,0.125,0.0,0.125,0.125,0.0,0.0,0.125,0.0
#argante,0.03278688524590164,0.02459016393442623,0.7540983606557377,0.0,0.00819672131147541,0.1557377049180328,0.00819672131147541,0.00819672131147541,0.00819672131147541,0.0
#geronte,0.007575757575757576,0.015151515151515152,0.5606060606060606,0.022727272727272728,0.14393939393939395,0.007575757575757576,0.09848484848484848,0.015151515151515152,0.08333333333333333,0.045454545454545456
#leandre,0.09523809523809523,0.0,0.6190476190476191,0.0,0.0,0.23809523809523808,0.0,0.047619047619047616,0.0,0.0
#carle,0.0,0.0,0.14285714285714285,0.14285714285714285,0.14285714285714285,0.2857142857142857,0.2857142857142857,0.0,0.0,0.0
#zerbinette,0.0,0.13636363636363635,0.22727272727272727,0.13636363636363635,0.0,0.5,0.0,0.0,0.0,0.0
#nerine,0.0,0.0,0.0,0.0,0.0,1.0,0.0,0.0,0.0,0.0
