VALEUR,#armande,#henriette,#clitandre,#belise,#ariste,#chrysale,#martine,#philaminte,#trissotin,#l-epine,#armande #belise,#philaminte #armande #belise,#vadius,#julien,#le-notaire
Fréquences (scènes),0.42857142857142855,0.4642857142857143,0.39285714285714285,0.35714285714285715,0.2857142857142857,0.4642857142857143,0.14285714285714285,0.4642857142857143,0.25,0.07142857142857142,0.03571428571428571,0.03571428571428571,0.03571428571428571,0.03571428571428571,0.03571428571428571
Fréquences(répliques),0.11899791231732777,0.12943632567849686,0.14561586638830898,0.0824634655532359,0.06315240083507306,0.14248434237995825,0.028183716075156576,0.16022964509394572,0.08663883089770355,0.0015657620041753654,0.0010438413361169101,0.0020876826722338203,0.029749478079331943,0.0020876826722338203,0.006263048016701462
Confrontation,0.11560693641618497,0.13005780346820808,0.10115606936416185,0.11560693641618497,0.05491329479768786,0.10115606936416185,0.03757225433526012,0.13583815028901733,0.08670520231213873,0.03757225433526012,0.02023121387283237,0.02023121387283237,0.017341040462427744,0.008670520231213872,0.017341040462427744
Déviations,#armande,#henriette,#clitandre,#belise,#ariste,#chrysale,#martine,#philaminte,#trissotin,#l-epine,#armande #belise,#philaminte #armande #belise,#vadius,#julien,#le-notaire
#armande,9.142857142857146,0.3663003663003665,0.35064935064935054,0.019047619047619032,0.5952380952380951,2.2893772893772892,1.7142857142857142,1.0586080586080588,1.3333333333333333,1.5238095238095237,0.7619047619047619,0.7619047619047619,0.7619047619047619,0.7619047619047619,0.42857142857142855
#henriette,0.3663003663003665,8.035714285714286,0.7015484515484519,0.02747252747252741,0.13736263736263726,0.1777261200338123,0.010989010989011016,0.1777261200338123,0.9423076923076923,1.2362637362637368,0.6181318681318684,0.6181318681318684,0.6181318681318684,0.46428571428571425,0.6181318681318684
#clitandre,0.35064935064935054,0.7015484515484511,10.321428571428573,0.21948051948051958,0.006493506493506488,0.002247752247752269,0.11688311688311691,0.002247752247752269,0.20454545454545456,0.7857142857142857,0.39285714285714285,0.39285714285714285,0.39285714285714285,0.9383116883116885,0.9383116883116885
#belise,0.019047619047619032,0.02747252747252741,0.21948051948051941,11.571428571428571,0.25714285714285695,0.02747252747252741,0.22857142857142873,2.427472527472527,2.5,2.314285714285715,1.1571428571428575,1.1571428571428575,1.1571428571428575,0.3571428571428571,1.1571428571428575
#ariste,0.5952380952380951,0.13736263736263743,0.006493506493506488,0.2571428571428572,14.285714285714286,2.906593406593406,1.1428571428571428,1.9835164835164836,0.5,0.5714285714285714,0.2857142857142857,0.2857142857142857,0.2857142857142857,0.2857142857142857,0.2857142857142857
#chrysale,2.2893772893772892,0.1777261200338123,0.002247752247752232,0.02747252747252741,2.9065934065934074,8.035714285714286,2.4725274725274735,0.1777261200338123,1.5576923076923077,0.9285714285714285,0.46428571428571425,0.46428571428571425,0.46428571428571425,0.46428571428571425,0.6181318681318684
#martine,1.7142857142857142,0.010989010989010978,0.11688311688311691,0.22857142857142854,1.1428571428571428,2.472527472527472,20.571428571428577,0.010989010989010978,1.0,0.2857142857142857,0.14285714285714285,0.14285714285714285,0.14285714285714285,0.14285714285714285,5.142857142857144
#philaminte,1.0586080586080588,0.1777261200338123,0.002247752247752232,2.427472527472527,1.9835164835164831,0.1777261200338123,0.010989010989011016,8.035714285714286,2.326923076923077,1.2362637362637368,0.6181318681318684,0.6181318681318684,0.6181318681318684,0.6181318681318684,0.6181318681318684
#trissotin,1.3333333333333333,0.9423076923076923,0.20454545454545456,2.5,0.5,1.5576923076923077,1.0,2.326923076923077,15.75,4.5,2.25,2.25,2.25,0.25,0.25
#l-epine,1.5238095238095237,1.236263736263736,0.7857142857142857,2.3142857142857136,0.5714285714285714,0.9285714285714286,0.2857142857142857,1.236263736263736,4.5,24.142857142857146,12.071428571428573,12.071428571428573,12.071428571428573,0.07142857142857142,0.07142857142857142
#armande #belise,0.7619047619047619,0.618131868131868,0.39285714285714285,1.1571428571428568,0.2857142857142857,0.4642857142857143,0.14285714285714285,0.618131868131868,2.25,12.071428571428573,26.03571428571429,26.03571428571429,0.03571428571428571,0.03571428571428571,0.03571428571428571
#armande #belise,0.7619047619047619,0.618131868131868,0.39285714285714285,1.1571428571428568,0.2857142857142857,0.4642857142857143,0.14285714285714285,0.618131868131868,2.25,12.071428571428573,26.03571428571429,26.03571428571429,0.03571428571428571,0.03571428571428571,0.03571428571428571
#vadius,0.7619047619047619,0.618131868131868,0.39285714285714285,1.1571428571428568,0.2857142857142857,0.4642857142857143,0.14285714285714285,0.618131868131868,2.25,12.071428571428573,0.03571428571428571,0.03571428571428571,26.03571428571429,0.03571428571428571,0.03571428571428571
#julien,0.7619047619047619,0.4642857142857143,0.9383116883116885,0.35714285714285715,0.2857142857142857,0.4642857142857143,0.14285714285714285,0.618131868131868,0.25,0.07142857142857142,0.03571428571428571,0.03571428571428571,0.03571428571428571,26.03571428571429,0.03571428571428571
#le-notaire,0.42857142857142855,0.618131868131868,0.9383116883116885,1.1571428571428568,0.2857142857142857,0.618131868131868,5.142857142857144,0.618131868131868,0.25,0.07142857142857142,0.03571428571428571,0.03571428571428571,0.03571428571428571,0.03571428571428571,26.03571428571429
Successions,#armande,#henriette,#clitandre,#belise,#ariste,#chrysale,#martine,#philaminte,#trissotin,#l-epine,#armande #belise,#philaminte #armande #belise,#vadius,#julien,#le-notaire
#armande,0.0,0.2753623188405797,0.13043478260869565,0.10144927536231885,0.0,0.057971014492753624,0.0,0.3333333333333333,0.10144927536231885,0.0,0.0,0.0,0.0,0.0,0.0
#henriette,0.3181818181818182,0.030303030303030304,0.15151515151515152,0.015151515151515152,0.015151515151515152,0.22727272727272727,0.0,0.10606060606060606,0.13636363636363635,0.0,0.0,0.0,0.0,0.0,0.0
#clitandre,0.17857142857142858,0.21428571428571427,0.03571428571428571,0.125,0.05357142857142857,0.07142857142857142,0.0,0.08928571428571429,0.23214285714285715,0.0,0.0,0.0,0.0,0.0,0.0
#belise,0.18181818181818182,0.015151515151515152,0.12121212121212122,0.0,0.22727272727272727,0.045454545454545456,0.015151515151515152,0.30303030303030304,0.07575757575757576,0.0,0.0,0.0,0.0,0.0,0.015151515151515152
#ariste,0.0,0.05,0.016666666666666666,0.26666666666666666,0.03333333333333333,0.5833333333333334,0.0,0.05,0.0,0.0,0.0,0.0,0.0,0.0,0.0
#chrysale,0.02608695652173913,0.11304347826086956,0.06086956521739131,0.043478260869565216,0.3130434782608696,0.008695652173913044,0.10434782608695652,0.3130434782608696,0.008695652173913044,0.0,0.0,0.0,0.0,0.0,0.008695652173913044
#martine,0.0,0.0,0.0,0.2857142857142857,0.0,0.6190476190476191,0.0,0.09523809523809523,0.0,0.0,0.0,0.0,0.0,0.0,0.0
#philaminte,0.14634146341463414,0.06504065040650407,0.04878048780487805,0.13008130081300814,0.024390243902439025,0.2764227642276423,0.06504065040650407,0.0,0.14634146341463414,0.008130081300813009,0.008130081300813009,0.0,0.016260162601626018,0.016260162601626018,0.04878048780487805
#trissotin,0.05747126436781609,0.09195402298850575,0.14942528735632185,0.06896551724137931,0.0,0.0,0.0,0.22988505747126436,0.011494252873563218,0.011494252873563218,0.011494252873563218,0.05747126436781609,0.3103448275862069,0.0,0.0
#l-epine,0.5,0.0,0.0,0.5,0.0,0.0,0.0,0.0,0.0,0.0,0.0,0.0,0.0,0.0,0.0
#armande #belise,0.0,0.0,0.0,0.0,0.0,0.0,0.0,1.0,0.0,0.0,0.0,0.0,0.0,0.0,0.0
#philaminte #armande #belise,0.0,0.0,0.0,0.0,0.0,0.0,0.0,0.0,1.0,0.0,0.0,0.0,0.0,0.0,0.0
#vadius,0.0,0.0,0.0,0.0,0.0,0.0,0.0,0.034482758620689655,0.9655172413793104,0.0,0.0,0.0,0.0,0.0,0.0
#armande #belise,0.0,0.0,0.0,0.0,0.0,0.0,0.0,1.0,0.0,0.0,0.0,0.0,0.0,0.0,0.0
#le-notaire,0.0,0.0,0.0,0.125,0.0,0.625,0.0,0.25,0.0,0.0,0.0,0.0,0.0,0.0,0.0
