VALEUR,#choeur,#ariane,#miss-clustenbrut,#pasiphaë,#minos,#un-garde,#thesee,#le-choeur,#tous,#pasipiiaë,#pasiphae,#ariane #thesee,#v
Fréquences (scènes),0.3333333333333333,0.6666666666666666,0.4166666666666667,0.75,0.5,0.16666666666666666,0.4166666666666667,0.08333333333333333,0.16666666666666666,0.08333333333333333,0.08333333333333333,0.08333333333333333,0.08333333333333333
Fréquences(répliques),0.08680555555555555,0.19791666666666666,0.003472222222222222,0.1388888888888889,0.14930555555555555,0.0,0.2951388888888889,0.017361111111111112,0.08333333333333333,0.0,0.0,0.027777777777777776,0.0
Confrontation,0.10326086956521739,0.125,0.09239130434782608,0.15760869565217392,0.1358695652173913,0.02717391304347826,0.10869565217391304,0.04891304347826087,0.07065217391304347,0.04891304347826087,0.04891304347826087,0.010869565217391304,0.021739130434782608
Déviations,#choeur,#ariane,#miss-clustenbrut,#pasiphaë,#minos,#un-garde,#thesee,#le-choeur,#tous,#pasipiiaë,#pasiphae,#ariane #thesee,#v
#choeur,5.333333333333335,0.1666666666666666,0.06666666666666664,0.0,0.5,0.6666666666666666,1.0666666666666667,1.3333333333333337,2.6666666666666674,1.3333333333333337,1.3333333333333337,0.3333333333333333,1.3333333333333337
#ariane,0.1666666666666666,1.3333333333333337,0.8333333333333331,0.16666666666666666,0.25,0.0833333333333333,0.5333333333333334,0.1666666666666667,0.0833333333333333,0.1666666666666667,0.1666666666666667,0.1666666666666667,0.6666666666666666
#miss-clustenbrut,0.06666666666666674,0.8333333333333336,4.083333333333332,0.15,0.1,0.8333333333333333,0.5633333333333335,0.8166666666666669,0.03333333333333337,0.8166666666666669,0.8166666666666669,0.41666666666666663,0.41666666666666663
#pasiphaë,0.0,0.16666666666666666,0.15,0.75,0.5,0.16666666666666666,0.016666666666666666,0.08333333333333333,0.16666666666666666,0.08333333333333333,0.08333333333333333,0.75,0.08333333333333333
#minos,0.5,0.25,0.1,0.5,3.0,1.0,0.1,0.5,1.0,0.5,0.5,0.5,0.5
#un-garde,0.6666666666666666,0.0833333333333333,0.8333333333333334,0.16666666666666666,1.0,8.333333333333336,0.8333333333333334,0.16666666666666666,0.3333333333333333,0.16666666666666666,0.16666666666666666,0.16666666666666666,0.16666666666666666
#thesee,1.0666666666666669,0.5333333333333331,0.5633333333333335,0.016666666666666666,0.1,0.8333333333333333,4.083333333333332,0.8166666666666669,1.6333333333333337,0.8166666666666669,0.8166666666666669,0.8166666666666669,0.8166666666666669
#le-choeur,1.3333333333333337,0.1666666666666667,0.8166666666666664,0.08333333333333333,0.5,0.16666666666666666,0.8166666666666664,10.083333333333332,4.166666666666668,10.083333333333332,10.083333333333332,0.08333333333333333,0.08333333333333333
#tous,2.6666666666666674,0.0833333333333333,0.03333333333333332,0.16666666666666666,1.0,0.3333333333333333,1.6333333333333329,4.166666666666668,8.333333333333336,4.166666666666668,4.166666666666668,0.16666666666666666,0.16666666666666666
#le-choeur,1.3333333333333337,0.1666666666666667,0.8166666666666664,0.08333333333333333,0.5,0.16666666666666666,0.8166666666666664,10.083333333333332,4.166666666666668,10.083333333333332,10.083333333333332,0.08333333333333333,0.08333333333333333
#le-choeur,1.3333333333333337,0.1666666666666667,0.8166666666666664,0.08333333333333333,0.5,0.16666666666666666,0.8166666666666664,10.083333333333332,4.166666666666668,10.083333333333332,10.083333333333332,0.08333333333333333,0.08333333333333333
#ariane #thesee,0.3333333333333333,0.1666666666666667,0.4166666666666667,0.75,0.5,0.16666666666666666,0.8166666666666664,0.08333333333333333,0.16666666666666666,0.08333333333333333,0.08333333333333333,10.083333333333332,0.08333333333333333
#v,1.3333333333333337,0.6666666666666666,0.4166666666666667,0.08333333333333333,0.5,0.16666666666666666,0.8166666666666664,0.08333333333333333,0.16666666666666666,0.08333333333333333,0.08333333333333333,0.08333333333333333,10.083333333333332
Successions,#choeur,#ariane,#miss-clustenbrut,#pasiphaë,#minos,#un-garde,#thesee,#le-choeur,#tous,#pasipiiaë,#pasiphae,#ariane #thesee,#v
#choeur,0.0,0.0,0.0,0.0,0.4,0.0,0.6,0.0,0.0,0.0,0.0,0.0,0.0
#ariane,0.012195121951219513,0.012195121951219513,0.3048780487804878,0.18292682926829268,0.14634146341463414,0.012195121951219513,0.3170731707317073,0.0,0.012195121951219513,0.0,0.0,0.0,0.0
#miss-clustenbrut,0.0,0.8620689655172413,0.0,0.06896551724137931,0.0,0.0,0.034482758620689655,0.0,0.034482758620689655,0.0,0.0,0.0,0.0
#pasiphaë,0.0,0.2647058823529412,0.04411764705882353,0.014705882352941176,0.36764705882352944,0.0,0.27941176470588236,0.0,0.0,0.0,0.0,0.014705882352941176,0.014705882352941176
#minos,0.034482758620689655,0.20689655172413793,0.0,0.4482758620689655,0.0,0.017241379310344827,0.2413793103448276,0.017241379310344827,0.017241379310344827,0.017241379310344827,0.0,0.0,0.0
#un-garde,0.0,0.0,0.0,0.0,1.0,0.0,0.0,0.0,0.0,0.0,0.0,0.0,0.0
#thesee,0.046153846153846156,0.35384615384615387,0.015384615384615385,0.3230769230769231,0.2,0.0,0.0,0.0,0.015384615384615385,0.0,0.03076923076923077,0.015384615384615385,0.0
#le-choeur,0.0,1.0,0.0,0.0,0.0,0.0,0.0,0.0,0.0,0.0,0.0,0.0,0.0
#tous,0.0,0.0,0.0,0.4,0.6,0.0,0.0,0.0,0.0,0.0,0.0,0.0,0.0
#un-garde,0.0,0.0,0.0,0.0,1.0,0.0,0.0,0.0,0.0,0.0,0.0,0.0,0.0
#pasiphae,0.0,0.0,0.0,0.0,0.0,0.0,1.0,0.0,0.0,0.0,0.0,0.0,0.0
#le-choeur,0.0,1.0,0.0,0.0,0.0,0.0,0.0,0.0,0.0,0.0,0.0,0.0,0.0
#v,0.0,0.0,0.0,1.0,0.0,0.0,0.0,0.0,0.0,0.0,0.0,0.0,0.0
