VALEUR,#valere,#thibaut,#frontin,#le-baron,#dorante,#la-comtesse,#rosalie,#le-maitre-d-hotel
Fréquences (scènes),0.6190476190476191,0.5714285714285714,0.2857142857142857,0.47619047619047616,0.19047619047619047,0.38095238095238093,0.3333333333333333,0.047619047619047616
Fréquences(répliques),0.0,0.0,0.0,0.0,0.0,0.0,0.0,0.0
Confrontation,0.18674698795180722,0.13253012048192772,0.0963855421686747,0.18674698795180722,0.09036144578313253,0.1566265060240964,0.13253012048192772,0.018072289156626505
Déviations,#valere,#thibaut,#frontin,#le-baron,#dorante,#la-comtesse,#rosalie,#le-maitre-d-hotel
#valere,3.047619047619048,0.7939560439560436,0.13736263736263726,0.5289377289377294,0.11080586080586076,0.22161172161172152,0.6410256410256413,0.6190476190476191
#thibaut,0.793956043956044,3.857142857142858,0.7202380952380955,0.5142857142857139,0.035714285714285685,0.5401785714285713,1.0,0.3214285714285715
#frontin,0.13736263736263743,0.7202380952380955,10.714285714285714,0.007142857142857182,3.0178571428571432,0.7232142857142856,0.5,0.2857142857142857
#le-baron,0.5289377289377288,0.5142857142857139,0.007142857142857182,5.761904761904762,0.6297619047619049,2.67202380952381,0.8333333333333336,0.5761904761904763
#dorante,0.11080586080586076,0.035714285714285685,3.0178571428571432,0.6297619047619049,13.761904761904763,0.14880952380952386,0.3333333333333334,0.19047619047619047
#la-comtesse,0.22161172161172152,0.5401785714285713,0.7232142857142856,2.67202380952381,0.14880952380952386,8.04761904761905,4.166666666666668,1.0059523809523812
#rosalie,0.6410256410256405,1.0,0.5,0.8333333333333336,0.3333333333333334,4.166666666666668,9.333333333333336,0.3333333333333333
#le-maitre-d-hotel,0.6190476190476191,0.3214285714285715,0.2857142857142857,0.5761904761904763,0.19047619047619047,1.0059523809523812,0.3333333333333333,19.047619047619047
Successions,#valere,#thibaut,#frontin,#le-baron,#dorante,#la-comtesse,#rosalie,#le-maitre-d-hotel
#valere,0.012345679012345678,0.4074074074074074,0.012345679012345678,0.2962962962962963,0.024691358024691357,0.08641975308641975,0.16049382716049382,0.0
#thibaut,0.28703703703703703,0.027777777777777776,0.48148148148148145,0.07407407407407407,0.12037037037037036,0.009259259259259259,0.0,0.0
#frontin,0.014084507042253521,0.7323943661971831,0.0,0.08450704225352113,0.15492957746478872,0.0,0.014084507042253521,0.0
#le-baron,0.21428571428571427,0.07142857142857142,0.05102040816326531,0.030612244897959183,0.16326530612244897,0.45918367346938777,0.01020408163265306,0.0
#dorante,0.02127659574468085,0.2127659574468085,0.23404255319148937,0.3617021276595745,0.0,0.1276595744680851,0.0425531914893617,0.0
#la-comtesse,0.16176470588235295,0.029411764705882353,0.014705882352941176,0.5735294117647058,0.07352941176470588,0.0,0.1323529411764706,0.014705882352941176
#rosalie,0.6153846153846154,0.038461538461538464,0.0,0.0,0.0,0.34615384615384615,0.0,0.0
#le-maitre-d-hotel,0.0,0.0,0.0,1.0,0.0,0.0,0.0,0.0
