VALEUR,#madame-dupre,#justine,#marthe,#josephine,#isabelle,#annette,#la-baronne,#martre,#la-marquise,#toutes
Fréquences (scènes),0.3333333333333333,0.8888888888888888,0.4444444444444444,0.7777777777777778,0.4444444444444444,0.4444444444444444,0.2222222222222222,0.1111111111111111,0.2222222222222222,0.1111111111111111
Fréquences(répliques),0.0,0.0,0.0,0.0,0.0,0.0,0.0,0.0,0.0,0.0
Confrontation,0.0546875,0.1953125,0.125,0.1953125,0.1328125,0.140625,0.046875,0.03125,0.0390625,0.0390625
Déviations,#madame-dupre,#justine,#marthe,#josephine,#isabelle,#annette,#la-baronne,#martre,#la-marquise,#toutes
#madame-dupre,4.0,0.041666666666666706,0.0833333333333333,0.761904761904762,0.0833333333333333,0.0833333333333333,0.6666666666666666,0.3333333333333333,0.6666666666666666,0.3333333333333333
#justine,0.041666666666666706,0.11111111111111122,0.05555555555555561,0.007936507936507943,0.05555555555555561,0.05555555555555561,0.3402777777777777,0.013888888888888902,0.3402777777777777,0.013888888888888902
#marthe,0.0833333333333333,0.05555555555555561,2.777777777777778,0.25396825396825395,0.8402777777777779,0.8402777777777779,0.8888888888888888,0.4444444444444444,0.8888888888888888,0.6944444444444445
#josephine,0.7619047619047616,0.00793650793650788,0.25396825396825423,0.4444444444444443,0.25396825396825423,0.25396825396825423,0.12698412698412712,0.06349206349206356,0.12698412698412712,0.06349206349206356
#isabelle,0.0833333333333333,0.05555555555555561,0.8402777777777779,0.25396825396825395,2.777777777777778,0.8402777777777779,0.8888888888888888,0.4444444444444444,0.013888888888888902,0.6944444444444445
#annette,0.0833333333333333,0.05555555555555561,0.8402777777777779,0.25396825396825395,0.8402777777777779,2.777777777777778,0.013888888888888902,0.6944444444444445,0.8888888888888888,0.6944444444444445
#la-baronne,0.6666666666666666,0.3402777777777777,0.8888888888888888,0.12698412698412698,0.8888888888888888,0.013888888888888902,5.444444444444445,2.7222222222222223,0.6944444444444445,0.2222222222222222
#martre,0.3333333333333333,0.013888888888888902,0.4444444444444444,0.06349206349206349,0.4444444444444444,0.6944444444444445,2.7222222222222223,7.111111111111111,0.2222222222222222,0.1111111111111111
#la-marquise,0.6666666666666666,0.3402777777777777,0.8888888888888888,0.12698412698412698,0.013888888888888902,0.8888888888888888,0.6944444444444445,0.2222222222222222,5.444444444444445,0.2222222222222222
#toutes,0.3333333333333333,0.013888888888888902,0.6944444444444445,0.06349206349206349,0.6944444444444445,0.6944444444444445,0.2222222222222222,0.1111111111111111,0.2222222222222222,7.111111111111111
Successions,#madame-dupre,#justine,#marthe,#josephine,#isabelle,#annette,#la-baronne,#martre,#la-marquise,#toutes
#madame-dupre,0.041666666666666664,0.6666666666666666,0.125,0.125,0.041666666666666664,0.0,0.0,0.0,0.0,0.0
#justine,0.25862068965517243,0.0,0.034482758620689655,0.1724137931034483,0.15517241379310345,0.08620689655172414,0.20689655172413793,0.0,0.08620689655172414,0.0
#marthe,0.15384615384615385,0.3076923076923077,0.0,0.38461538461538464,0.07692307692307693,0.07692307692307693,0.0,0.0,0.0,0.0
#josephine,0.047619047619047616,0.2619047619047619,0.14285714285714285,0.0,0.23809523809523808,0.023809523809523808,0.23809523809523808,0.0,0.047619047619047616,0.0
#isabelle,0.03571428571428571,0.14285714285714285,0.07142857142857142,0.39285714285714285,0.0,0.14285714285714285,0.0,0.0,0.17857142857142858,0.03571428571428571
#annette,0.1875,0.25,0.0,0.0,0.25,0.0,0.3125,0.0,0.0,0.0
#la-baronne,0.0,0.34285714285714286,0.0,0.2857142857142857,0.0,0.14285714285714285,0.02857142857142857,0.02857142857142857,0.17142857142857143,0.0
#martre,0.0,0.0,0.0,0.0,0.0,0.0,1.0,0.0,0.0,0.0
#la-marquise,0.0,0.3333333333333333,0.0,0.16666666666666666,0.16666666666666666,0.0,0.3333333333333333,0.0,0.0,0.0
#toutes,0.0,1.0,0.0,0.0,0.0,0.0,0.0,0.0,0.0,0.0
