VALEUR,#jupiter,#mercure,#sosie,#le-trompette,#le-guerrier,#alcmene,#amphitryon,#l-echo,#ecclisse,#leda,#un-escalve,#la-voix-celeste,#la-foule,#la-danseuse,#une-danseuse,#aclmene
Fréquences (scènes),0.42105263157894735,0.42105263157894735,0.10526315789473684,0.10526315789473684,0.05263157894736842,0.631578947368421,0.3157894736842105,0.10526315789473684,0.2631578947368421,0.05263157894736842,0.05263157894736842,0.21052631578947367,0.10526315789473684,0.05263157894736842,0.05263157894736842,0.05263157894736842
Fréquences(répliques),0.0,0.0,0.0,0.0,0.0,0.0,0.0,0.0,0.0,0.0,0.0,0.0,0.0,0.0,0.0,0.0
Confrontation,0.0958904109589041,0.08904109589041095,0.0547945205479452,0.0547945205479452,0.0136986301369863,0.15753424657534246,0.10273972602739725,0.0410958904109589,0.0958904109589041,0.0136986301369863,0.02054794520547945,0.0958904109589041,0.06164383561643835,0.0410958904109589,0.0410958904109589,0.02054794520547945
Déviations,#jupiter,#mercure,#sosie,#le-trompette,#le-guerrier,#alcmene,#amphitryon,#l-echo,#ecclisse,#leda,#un-escalve,#la-voix-celeste,#la-foule,#la-danseuse,#une-danseuse,#aclmene
#jupiter,6.36842105263158,0.7902960526315792,0.8421052631578947,0.8421052631578947,0.42105263157894735,0.0005482456140350819,0.1096491228070175,0.029605263157894756,2.1052631578947367,0.42105263157894735,0.42105263157894735,0.2779605263157894,0.8421052631578947,0.42105263157894735,0.42105263157894735,0.42105263157894735
#mercure,0.7902960526315792,6.36842105263158,0.8421052631578947,0.8421052631578947,0.42105263157894735,0.219298245614035,0.1096491228070175,0.029605263157894756,0.5802631578947367,0.42105263157894735,0.42105263157894735,1.6842105263157894,0.8421052631578947,0.42105263157894735,0.42105263157894735,0.42105263157894735
#sosie,0.8421052631578947,0.8421052631578947,15.210526315789474,15.210526315789474,7.605263157894737,1.263157894736842,0.631578947368421,0.21052631578947367,0.42631578947368426,0.10526315789473684,0.10526315789473684,0.7960526315789475,2.960526315789474,7.605263157894737,7.605263157894737,0.10526315789473684
#sosie,0.8421052631578947,0.8421052631578947,15.210526315789474,15.210526315789474,7.605263157894737,1.263157894736842,0.631578947368421,0.21052631578947367,0.42631578947368426,0.10526315789473684,0.10526315789473684,0.7960526315789475,2.960526315789474,7.605263157894737,7.605263157894737,0.10526315789473684
#le-guerrier,0.42105263157894735,0.42105263157894735,7.605263157894737,7.605263157894737,17.05263157894737,0.631578947368421,0.3157894736842105,0.10526315789473684,0.2631578947368421,0.05263157894736842,0.05263157894736842,0.21052631578947367,0.10526315789473684,0.05263157894736842,0.05263157894736842,0.05263157894736842
#alcmene,0.0005482456140350819,0.219298245614035,1.263157894736842,1.263157894736842,0.631578947368421,2.5789473684210535,0.011695906432748562,0.4298245614035089,0.007894736842105269,0.21491228070175444,0.21491228070175444,0.1096491228070175,1.263157894736842,0.631578947368421,0.631578947368421,0.21491228070175444
#amphitryon,0.1096491228070175,0.1096491228070175,0.631578947368421,0.631578947368421,0.3157894736842105,0.011695906432748562,8.894736842105264,0.21491228070175444,0.212280701754386,0.3157894736842105,1.4824561403508774,0.4298245614035089,0.21491228070175444,0.3157894736842105,0.3157894736842105,1.4824561403508774
#l-echo,0.029605263157894756,0.029605263157894756,0.21052631578947367,0.21052631578947367,0.10526315789473684,0.4298245614035089,0.21491228070175444,15.210526315789474,0.5263157894736842,0.10526315789473684,7.605263157894737,0.42105263157894735,0.21052631578947367,0.10526315789473684,0.10526315789473684,0.10526315789473684
#ecclisse,2.1052631578947367,0.5802631578947367,0.42631578947368426,0.42631578947368426,0.2631578947368421,0.007894736842105269,0.212280701754386,0.5263157894736842,10.31578947368421,2.0631578947368427,0.2631578947368421,0.8526315789473685,4.1263157894736855,2.0631578947368427,2.0631578947368427,0.2631578947368421
#leda,0.42105263157894735,0.42105263157894735,0.10526315789473684,0.10526315789473684,0.05263157894736842,0.21491228070175444,0.3157894736842105,0.10526315789473684,2.0631578947368427,17.05263157894737,0.05263157894736842,0.21052631578947367,0.10526315789473684,0.05263157894736842,0.05263157894736842,0.05263157894736842
#un-escalve,0.42105263157894735,0.42105263157894735,0.10526315789473684,0.10526315789473684,0.05263157894736842,0.21491228070175444,1.4824561403508774,7.605263157894737,0.2631578947368421,0.05263157894736842,17.05263157894737,0.21052631578947367,0.10526315789473684,0.05263157894736842,0.05263157894736842,0.05263157894736842
#la-voix-celeste,0.2779605263157894,1.6842105263157894,0.7960526315789475,0.7960526315789475,0.21052631578947367,0.1096491228070175,0.4298245614035089,0.42105263157894735,0.8526315789473685,0.21052631578947367,0.21052631578947367,11.842105263157896,5.921052631578948,2.960526315789474,2.960526315789474,2.960526315789474
#la-foule,0.8421052631578947,0.8421052631578947,2.960526315789474,2.960526315789474,0.10526315789473684,1.263157894736842,0.21491228070175444,0.21052631578947367,4.1263157894736855,0.10526315789473684,0.10526315789473684,5.921052631578948,15.210526315789474,7.605263157894737,7.605263157894737,0.10526315789473684
#la-danseuse,0.42105263157894735,0.42105263157894735,7.605263157894737,7.605263157894737,0.05263157894736842,0.631578947368421,0.3157894736842105,0.10526315789473684,2.0631578947368427,0.05263157894736842,0.05263157894736842,2.960526315789474,7.605263157894737,17.05263157894737,17.05263157894737,0.05263157894736842
#la-danseuse,0.42105263157894735,0.42105263157894735,7.605263157894737,7.605263157894737,0.05263157894736842,0.631578947368421,0.3157894736842105,0.10526315789473684,2.0631578947368427,0.05263157894736842,0.05263157894736842,2.960526315789474,7.605263157894737,17.05263157894737,17.05263157894737,0.05263157894736842
#aclmene,0.42105263157894735,0.42105263157894735,0.10526315789473684,0.10526315789473684,0.05263157894736842,0.21491228070175444,1.4824561403508774,0.10526315789473684,0.2631578947368421,0.05263157894736842,0.05263157894736842,2.960526315789474,0.10526315789473684,0.05263157894736842,0.05263157894736842,17.05263157894737
Successions,#jupiter,#mercure,#sosie,#le-trompette,#le-guerrier,#alcmene,#amphitryon,#l-echo,#ecclisse,#leda,#un-escalve,#la-voix-celeste,#la-foule,#la-danseuse,#une-danseuse,#aclmene
#jupiter,0.003663003663003663,0.336996336996337,0.0,0.0,0.0,0.6190476190476191,0.029304029304029304,0.003663003663003663,0.0,0.0,0.0,0.007326007326007326,0.0,0.0,0.0,0.0
#mercure,0.5621301775147929,0.0,0.0,0.0,0.0,0.42011834319526625,0.011834319526627219,0.0,0.005917159763313609,0.0,0.0,0.0,0.0,0.0,0.0,0.0
#sosie,0.0,0.0196078431372549,0.0,0.43137254901960786,0.27450980392156865,0.0,0.0,0.0,0.21568627450980393,0.0,0.0,0.0,0.0196078431372549,0.0392156862745098,0.0,0.0
#le-trompette,0.0,0.0,0.5,0.0,0.13157894736842105,0.0,0.0,0.02631578947368421,0.23684210526315788,0.0,0.0,0.0,0.02631578947368421,0.02631578947368421,0.05263157894736842,0.0
#le-guerrier,0.0,0.0,0.7142857142857143,0.23809523809523808,0.047619047619047616,0.0,0.0,0.0,0.0,0.0,0.0,0.0,0.0,0.0,0.0,0.0
#alcmene,0.4028776978417266,0.17266187050359713,0.0,0.0,0.002398081534772182,0.0,0.2182254196642686,0.002398081534772182,0.06235011990407674,0.1342925659472422,0.0,0.002398081534772182,0.002398081534772182,0.0,0.0,0.0
#amphitryon,0.07476635514018691,0.018691588785046728,0.009345794392523364,0.0,0.0,0.8411214953271028,0.0,0.0,0.018691588785046728,0.0,0.009345794392523364,0.018691588785046728,0.0,0.0,0.0,0.009345794392523364
#l-echo,0.0,0.0,0.0,0.0,0.0,1.0,0.0,0.0,0.0,0.0,0.0,0.0,0.0,0.0,0.0,0.0
#ecclisse,0.0,0.038461538461538464,0.23076923076923078,0.1346153846153846,0.0,0.46153846153846156,0.038461538461538464,0.0,0.0,0.057692307692307696,0.0,0.019230769230769232,0.019230769230769232,0.0,0.0,0.0
#leda,0.0,0.0,0.0,0.0,0.0,0.9666666666666667,0.0,0.0,0.03333333333333333,0.0,0.0,0.0,0.0,0.0,0.0,0.0
#un-escalve,0.0,0.0,0.0,0.0,0.0,0.0,0.0,0.0,0.0,1.0,0.0,0.0,0.0,0.0,0.0,0.0
#la-voix-celeste,0.08333333333333333,0.0,0.08333333333333333,0.16666666666666666,0.0,0.16666666666666666,0.25,0.0,0.08333333333333333,0.0,0.0,0.0,0.16666666666666666,0.0,0.0,0.0
#la-foule,0.0,0.0,0.0,0.0,0.0,0.0,0.0,0.0,0.0,0.0,0.0,1.0,0.0,0.0,0.0,0.0
#la-danseuse,0.0,0.0,0.6666666666666666,0.3333333333333333,0.0,0.0,0.0,0.0,0.0,0.0,0.0,0.0,0.0,0.0,0.0,0.0
#une-danseuse,0.0,0.0,0.5,0.5,0.0,0.0,0.0,0.0,0.0,0.0,0.0,0.0,0.0,0.0,0.0,0.0
#aclmene,0.0,0.0,0.0,0.0,0.0,0.0,1.0,0.0,0.0,0.0,0.0,0.0,0.0,0.0,0.0,0.0
