VALEUR,#madame-vigneron,#blanche,#vigneron,#marie,#auguste,#judith,#gaston,#les-enfants,#madame-de-saint-genis,#merkens,#teissier,#bourdon,#le-medecin,#lefort,#blanche #judith,#rosalie,#dupuis
Fréquences (scènes),0.5869565217391305,0.17391304347826086,0.021739130434782608,0.391304347826087,0.15217391304347827,0.2391304347826087,0.043478260869565216,0.021739130434782608,0.2608695652173913,0.15217391304347827,0.2826086956521739,0.30434782608695654,0.021739130434782608,0.021739130434782608,0.021739130434782608,0.21739130434782608,0.021739130434782608
Fréquences(répliques),0.0,0.0,0.0,0.0,0.0,1.0,0.0,0.0,0.0,0.0,0.0,0.0,0.0,0.0,0.0,0.0,0.0
Confrontation,0.19714285714285715,0.08,0.02,0.12571428571428572,0.06857142857142857,0.09428571428571429,0.025714285714285714,0.02,0.06285714285714286,0.037142857142857144,0.07142857142857142,0.08857142857142856,0.008571428571428572,0.011428571428571429,0.014285714285714285,0.06857142857142857,0.005714285714285714
Déviations,#madame-vigneron,#blanche,#vigneron,#marie,#auguste,#judith,#gaston,#les-enfants,#madame-de-saint-genis,#merkens,#teissier,#bourdon,#le-medecin,#lefort,#blanche #judith,#rosalie,#dupuis
#madame-vigneron,7.847826086956515,0.36231884057970987,0.29066022544283404,0.23188405797101494,0.870600414078674,0.032279314888010634,0.5813204508856681,0.29066022544283404,0.12989801395598466,1.0822406257188872,0.0520872042611174,0.9422590292155495,0.29066022544283404,0.29066022544283404,0.29066022544283404,0.21771336553945236,0.5869565217391305
#blanche,0.36231884057970987,31.391304347826086,3.9239130434782608,1.1165458937198065,0.5031055900621116,2.276679841897233,1.2228260869565217,3.9239130434782608,0.3994565217391305,0.03881987577639754,2.260869565217391,0.845496894409938,0.17391304347826086,0.17391304347826086,3.9239130434782608,0.03913043478260871,0.17391304347826086
#vigneron,0.29066022544283404,3.9239130434782608,44.02173913043478,0.9468599033816426,4.72360248447205,2.4209486166007905,21.043478260869566,44.02173913043478,0.2608695652173913,0.15217391304347827,0.2826086956521739,0.30434782608695654,0.021739130434782608,0.021739130434782608,0.021739130434782608,0.21739130434782608,0.021739130434782608
#marie,0.23188405797101494,1.1165458937198072,0.9468599033816427,17.04347826086956,0.19944789510006908,1.6881862099253395,0.060386473429951744,0.9468599033816427,2.908615136876006,2.739130434782609,0.16387959866220755,0.39889579020013816,0.3913043478260869,0.9468599033816427,0.9468599033816427,0.0019323671497584515,0.9468599033816427
#auguste,0.870600414078675,0.5031055900621116,4.72360248447205,0.19944789510006908,33.06521739130435,1.0505364201016372,1.590062111801242,4.72360248447205,0.01656314699792963,0.003992901508429466,0.48375537505972277,0.007985803016858932,4.72360248447205,0.15217391304347827,4.72360248447205,1.5217391304347825,0.15217391304347827
#judith,0.032279314888010634,2.276679841897233,2.4209486166007905,1.6881862099253395,1.0505364201016372,26.6304347826087,0.5691699604743082,2.4209486166007905,2.869565217391304,3.2323546019198197,1.4303739738522343,3.347826086956522,0.2391304347826087,0.2391304347826087,2.4209486166007905,1.0822134387351778,0.2391304347826087
#gaston,0.5813204508856681,1.2228260869565217,21.043478260869566,0.06038647342995167,1.590062111801242,0.5691699604743082,42.08695652173913,21.043478260869566,0.43840579710144933,0.30434782608695654,0.5652173913043478,0.6086956521739131,0.043478260869565216,0.043478260869565216,0.043478260869565216,0.43478260869565216,0.043478260869565216
#vigneron,0.29066022544283404,3.9239130434782608,44.02173913043478,0.9468599033816426,4.72360248447205,2.4209486166007905,21.043478260869566,44.02173913043478,0.2608695652173913,0.15217391304347827,0.2826086956521739,0.30434782608695654,0.021739130434782608,0.021739130434782608,0.021739130434782608,0.21739130434782608,0.021739130434782608
#madame-de-saint-genis,0.12989801395598466,0.3994565217391305,0.2608695652173913,2.908615136876007,0.016563146997929584,2.8695652173913047,0.43840579710144933,0.2608695652173913,25.1304347826087,0.016563146997929584,0.5707915273132664,0.7474120082815736,0.2608695652173913,0.2608695652173913,0.2608695652173913,0.9920289855072464,0.2608695652173913
#merkens,1.0822406257188866,0.03881987577639754,0.15217391304347827,2.739130434782609,0.003992901508429466,3.2323546019198197,0.30434782608695654,0.15217391304347827,0.01656314699792963,33.06521739130435,1.9782608695652173,0.007985803016858932,0.15217391304347827,0.15217391304347827,0.15217391304347827,0.17888198757763968,0.15217391304347827
#teissier,0.05208720426111726,2.260869565217391,0.2826086956521739,0.16387959866220755,0.48375537505972277,1.4303739738522343,0.5652173913043478,0.2826086956521739,0.5707915273132661,1.9782608695652173,23.673913043478272,0.0004777830864787429,0.2826086956521739,1.8210702341137128,0.2826086956521739,0.24147157190635432,1.8210702341137128
#bourdon,0.9422590292155508,0.845496894409938,0.30434782608695654,0.39889579020013816,0.007985803016858932,3.347826086956522,0.6086956521739131,0.30434782608695654,0.7474120082815734,0.007985803016858932,0.0004777830864787429,22.26086956521739,1.590062111801242,1.590062111801242,0.30434782608695654,0.0006211180124223531,0.30434782608695654
#le-medecin,0.29066022544283404,0.17391304347826086,0.021739130434782608,0.391304347826087,4.72360248447205,0.2391304347826087,0.043478260869565216,0.021739130434782608,0.2608695652173913,0.15217391304347827,0.2826086956521739,1.590062111801242,44.02173913043478,0.021739130434782608,0.021739130434782608,0.21739130434782608,0.021739130434782608
#lefort,0.29066022544283404,0.17391304347826086,0.021739130434782608,0.9468599033816426,0.15217391304347827,0.2391304347826087,0.043478260869565216,0.021739130434782608,0.2608695652173913,0.15217391304347827,1.8210702341137128,1.590062111801242,0.021739130434782608,44.02173913043478,0.021739130434782608,0.21739130434782608,0.021739130434782608
#blanche #judith,0.29066022544283404,3.9239130434782608,0.021739130434782608,0.9468599033816426,4.72360248447205,2.4209486166007905,0.043478260869565216,0.021739130434782608,0.2608695652173913,0.15217391304347827,0.2826086956521739,0.30434782608695654,0.021739130434782608,0.021739130434782608,44.02173913043478,0.21739130434782608,0.021739130434782608
#rosalie,0.21771336553945236,0.03913043478260871,0.21739130434782608,0.0019323671497584515,1.5217391304347827,1.0822134387351778,0.43478260869565216,0.21739130434782608,0.9920289855072464,0.17888198757763982,0.24147157190635432,0.0006211180124223657,0.21739130434782608,0.21739130434782608,0.21739130434782608,28.17391304347826,0.21739130434782608
#dupuis,0.5869565217391305,0.17391304347826086,0.021739130434782608,0.9468599033816426,0.15217391304347827,0.2391304347826087,0.043478260869565216,0.021739130434782608,0.2608695652173913,0.15217391304347827,1.8210702341137128,0.30434782608695654,0.021739130434782608,0.021739130434782608,0.021739130434782608,0.21739130434782608,44.02173913043478
Successions,#madame-vigneron,#blanche,#vigneron,#marie,#auguste,#judith,#gaston,#les-enfants,#madame-de-saint-genis,#merkens,#teissier,#bourdon,#le-medecin,#lefort,#blanche #judith,#rosalie,#dupuis
#madame-vigneron,0.02,0.065,0.06,0.06,0.045,0.08,0.01,0.005,0.21,0.01,0.11,0.26,0.02,0.01,0.005,0.03,0.0
#blanche,0.14457831325301204,0.0,0.10843373493975904,0.25301204819277107,0.0,0.012048192771084338,0.0,0.0,0.37349397590361444,0.0,0.0,0.0,0.0,0.0,0.0,0.10843373493975904,0.0
#vigneron,0.21568627450980393,0.19607843137254902,0.0,0.17647058823529413,0.0784313725490196,0.21568627450980393,0.11764705882352941,0.0,0.0,0.0,0.0,0.0,0.0,0.0,0.0,0.0,0.0
#marie,0.08552631578947369,0.13157894736842105,0.06578947368421052,0.0,0.0,0.07236842105263158,0.0,0.0,0.03289473684210526,0.006578947368421052,0.3618421052631579,0.13157894736842105,0.0,0.02631578947368421,0.0,0.019736842105263157,0.06578947368421052
#auguste,0.3888888888888889,0.0,0.2222222222222222,0.0,0.0,0.0,0.05555555555555555,0.0,0.1111111111111111,0.16666666666666666,0.0,0.05555555555555555,0.0,0.0,0.0,0.0,0.0
#judith,0.1935483870967742,0.0,0.10752688172043011,0.12903225806451613,0.010752688172043012,0.010752688172043012,0.0,0.0,0.0,0.44086021505376344,0.07526881720430108,0.0,0.0,0.0,0.0,0.03225806451612903,0.0
#gaston,0.3,0.0,0.6,0.0,0.0,0.0,0.0,0.0,0.1,0.0,0.0,0.0,0.0,0.0,0.0,0.0,0.0
#les-enfants,1.0,0.0,0.0,0.0,0.0,0.0,0.0,0.0,0.0,0.0,0.0,0.0,0.0,0.0,0.0,0.0,0.0
#madame-de-saint-genis,0.43,0.3,0.0,0.05,0.0,0.01,0.01,0.0,0.0,0.0,0.0,0.05,0.0,0.0,0.0,0.15,0.0
#merkens,0.025,0.0,0.0,0.0,0.0375,0.525,0.0,0.0,0.0,0.0,0.0,0.35,0.0,0.0,0.0,0.0625,0.0
#teissier,0.16666666666666666,0.0,0.0,0.475,0.0,0.058333333333333334,0.0,0.0,0.008333333333333333,0.0,0.0,0.15,0.0,0.03333333333333333,0.0,0.008333333333333333,0.1
#bourdon,0.38848920863309355,0.014388489208633094,0.0,0.12949640287769784,0.0,0.0,0.0,0.0,0.02877697841726619,0.2014388489208633,0.12949640287769784,0.0,0.007194244604316547,0.08633093525179857,0.0,0.014388489208633094,0.0
#le-medecin,0.6,0.0,0.0,0.0,0.2,0.0,0.0,0.0,0.0,0.0,0.0,0.2,0.0,0.0,0.0,0.0,0.0
#lefort,0.13636363636363635,0.0,0.0,0.18181818181818182,0.0,0.0,0.0,0.0,0.0,0.0,0.13636363636363635,0.5454545454545454,0.0,0.0,0.0,0.0,0.0
#blanche #judith,0.0,0.0,0.0,1.0,0.0,0.0,0.0,0.0,0.0,0.0,0.0,0.0,0.0,0.0,0.0,0.0,0.0
#rosalie,0.1590909090909091,0.18181818181818182,0.0,0.09090909090909091,0.0,0.06818181818181818,0.0,0.0,0.3181818181818182,0.11363636363636363,0.022727272727272728,0.045454545454545456,0.0,0.0,0.0,0.0,0.0
#dupuis,0.0,0.0,0.0,0.4090909090909091,0.0,0.0,0.0,0.0,0.0,0.0,0.5909090909090909,0.0,0.0,0.0,0.0,0.0,0.0
