VALEUR,#mistress-watson,#kilmenie,#jemmy,#la-princesse,#mistress-watson #jemmy,#nicette,#claudine,#nicoline,#la-mere-gervais,#nicoline #claudine,#fanchon,#la-marquise,#tous,#justine,#cecile,#henriette,#josephine,#madame-vingmaille
Fréquences (scènes),0.16,0.24,0.12,0.2,0.04,0.2,0.12,0.16,0.24,0.04,0.12,0.08,0.04,0.08,0.12,0.28,0.2,0.16
Fréquences(répliques),0.0,0.0,0.0,0.0,0.0,0.0,0.0,1.0,0.0,0.0,0.0,0.0,0.0,0.0,0.0,0.0,0.0,0.0
Confrontation,0.06153846153846154,0.07692307692307693,0.038461538461538464,0.046153846153846156,0.023076923076923078,0.1076923076923077,0.05384615384615385,0.09230769230769231,0.09230769230769231,0.03076923076923077,0.06153846153846154,0.038461538461538464,0.03076923076923077,0.015384615384615385,0.038461538461538464,0.07692307692307693,0.06153846153846154,0.05384615384615385
Déviations,#mistress-watson,#kilmenie,#jemmy,#la-princesse,#mistress-watson #jemmy,#nicette,#claudine,#nicoline,#la-mere-gervais,#nicoline #claudine,#fanchon,#la-marquise,#tous,#justine,#cecile,#henriette,#josephine,#madame-vingmaille
#mistress-watson,17.639999999999997,4.335,13.230000000000002,0.049999999999999975,4.409999999999999,0.8000000000000002,0.48,0.64,0.96,0.16,0.48,0.32,0.16,0.32,0.48,1.12,0.8000000000000002,0.64
#kilmenie,4.335,14.440000000000005,2.2755555555555556,6.533333333333331,2.4066666666666667,1.2000000000000002,0.72,0.96,1.44,0.24,0.72,0.48,0.24,0.48,0.72,1.6800000000000002,1.2000000000000002,0.96
#jemmy,13.230000000000002,2.2755555555555556,19.360000000000003,0.6000000000000001,0.12,0.6000000000000001,0.36,0.48,0.72,0.12,0.36,0.24,0.12,0.24,0.36,0.8400000000000001,0.6000000000000001,0.48
#la-princesse,0.049999999999999975,6.533333333333332,0.6,16.0,3.2000000000000006,1.0,0.6,0.8000000000000002,1.2,0.20000000000000004,0.6,0.4000000000000001,0.20000000000000004,0.4000000000000001,0.6,1.4000000000000001,1.0,0.8000000000000002
#mistress-watson #jemmy,4.409999999999999,2.4066666666666667,0.12,3.2000000000000006,23.04,0.20000000000000004,0.12,0.16,0.24,0.04,0.12,0.08,0.04,0.08,0.12,0.28,0.20000000000000004,0.16
#nicette,0.8000000000000002,1.2,0.6,1.0,0.20000000000000004,16.0,9.6,6.050000000000001,2.7,3.2000000000000006,3.266666666666666,0.8999999999999999,3.2000000000000006,0.4000000000000001,0.6,1.4000000000000001,1.0,0.8000000000000002
#claudine,0.48,0.72,0.36,0.6000000000000001,0.12,9.599999999999998,19.360000000000003,0.5633333333333335,2.2755555555555556,6.453333333333333,0.36,0.24,0.12,0.24,0.36,0.8400000000000001,0.6000000000000001,0.48
#nicoline,0.64,0.96,0.48,0.8000000000000002,0.16,6.050000000000001,0.5633333333333335,17.639999999999997,4.335,4.409999999999999,4.8133333333333335,1.4449999999999996,4.409999999999999,0.32,0.48,1.12,0.8000000000000002,0.64
#la-mere-gervais,0.96,1.44,0.72,1.2000000000000002,0.24,2.699999999999999,2.2755555555555556,4.335,14.440000000000005,2.4066666666666667,2.2755555555555556,0.5633333333333335,0.24,0.48,0.72,1.6800000000000002,1.2000000000000002,0.96
#nicoline #claudine,0.16,0.24,0.12,0.20000000000000004,0.04,3.2000000000000006,6.453333333333333,4.409999999999999,2.4066666666666667,23.04,0.12,0.08,0.04,0.08,0.12,0.28,0.20000000000000004,0.16
#fanchon,0.48,0.72,0.36,0.6000000000000001,0.12,3.2666666666666657,0.36,4.8133333333333335,2.2755555555555556,0.12,19.360000000000003,2.4066666666666667,6.453333333333333,0.24,0.36,0.8400000000000001,0.6000000000000001,0.48
#la-marquise,0.32,0.48,0.24,0.4000000000000001,0.08,0.8999999999999999,0.24,1.4449999999999996,0.5633333333333335,0.08,2.4066666666666667,21.16,10.58,0.16,0.24,0.56,0.4000000000000001,0.32
#tous,0.16,0.24,0.12,0.20000000000000004,0.04,3.2000000000000006,0.12,4.409999999999999,0.24,0.04,6.453333333333333,10.58,23.04,0.08,0.12,0.28,0.20000000000000004,0.16
#justine,0.32,0.48,0.24,0.4000000000000001,0.08,0.4000000000000001,0.24,0.32,0.48,0.08,0.24,0.16,0.08,21.16,2.4066666666666667,0.34571428571428564,0.4000000000000001,0.32
#cecile,0.48,0.72,0.36,0.6000000000000001,0.12,0.6000000000000001,0.36,0.48,0.72,0.12,0.36,0.24,0.12,2.4066666666666667,19.360000000000003,0.03047619047619044,3.2666666666666657,0.5633333333333335
#henriette,1.12,1.6800000000000002,0.8400000000000001,1.4000000000000004,0.28,1.4000000000000004,0.8400000000000001,1.12,1.6800000000000002,0.28,0.8400000000000001,0.56,0.28,0.34571428571428564,0.03047619047619044,12.959999999999992,4.828571428571426,7.405714285714285
#josephine,0.8000000000000002,1.2,0.6,1.0,0.20000000000000004,1.0,0.6,0.8000000000000002,1.2,0.20000000000000004,0.6,0.4000000000000001,0.20000000000000004,0.4000000000000001,3.266666666666666,4.8285714285714265,16.0,1.7999999999999998
#madame-vingmaille,0.64,0.96,0.48,0.8000000000000002,0.16,0.8000000000000002,0.48,0.64,0.96,0.16,0.48,0.32,0.16,0.32,0.5633333333333335,7.405714285714285,1.7999999999999998,17.639999999999997
Successions,#mistress-watson,#kilmenie,#jemmy,#la-princesse,#mistress-watson #jemmy,#nicette,#claudine,#nicoline,#la-mere-gervais,#nicoline #claudine,#fanchon,#la-marquise,#tous,#justine,#cecile,#henriette,#josephine,#madame-vingmaille
#mistress-watson,0.0,0.5217391304347826,0.391304347826087,0.08695652173913043,0.0,0.0,0.0,0.0,0.0,0.0,0.0,0.0,0.0,0.0,0.0,0.0,0.0,0.0
#kilmenie,0.34375,0.0,0.125,0.53125,0.0,0.0,0.0,0.0,0.0,0.0,0.0,0.0,0.0,0.0,0.0,0.0,0.0,0.0
#jemmy,0.9230769230769231,0.07692307692307693,0.0,0.0,0.0,0.0,0.0,0.0,0.0,0.0,0.0,0.0,0.0,0.0,0.0,0.0,0.0,0.0
#la-princesse,0.05263157894736842,0.8947368421052632,0.0,0.0,0.05263157894736842,0.0,0.0,0.0,0.0,0.0,0.0,0.0,0.0,0.0,0.0,0.0,0.0,0.0
#mistress-watson #jemmy,0.0,1.0,0.0,0.0,0.0,0.0,0.0,0.0,0.0,0.0,0.0,0.0,0.0,0.0,0.0,0.0,0.0,0.0
#nicette,0.0,0.05,0.0,0.0,0.0,0.0,0.5,0.1,0.25,0.0,0.05,0.05,0.0,0.0,0.0,0.0,0.0,0.0
#claudine,0.0,0.0,0.0,0.0,0.0,0.6666666666666666,0.0,0.06666666666666667,0.26666666666666666,0.0,0.0,0.0,0.0,0.0,0.0,0.0,0.0,0.0
#nicoline,0.0,0.0,0.0,0.0,0.0,0.058823529411764705,0.11764705882352941,0.0,0.7058823529411765,0.0,0.0,0.11764705882352941,0.0,0.0,0.0,0.0,0.0,0.0
#la-mere-gervais,0.0,0.0,0.0,0.0,0.0,0.18604651162790697,0.06976744186046512,0.2558139534883721,0.20930232558139536,0.023255813953488372,0.16279069767441862,0.09302325581395349,0.0,0.0,0.0,0.0,0.0,0.0
#nicoline #claudine,0.0,0.0,0.0,0.0,0.0,0.0,0.0,1.0,0.0,0.0,0.0,0.0,0.0,0.0,0.0,0.0,0.0,0.0
#fanchon,0.0,0.0,0.0,0.0,0.0,0.0,0.0,0.1111111111111111,0.8888888888888888,0.0,0.0,0.0,0.0,0.0,0.0,0.0,0.0,0.0
#la-marquise,0.0,0.0,0.0,0.0,0.0,0.0,0.0,0.14285714285714285,0.7142857142857143,0.0,0.14285714285714285,0.0,0.0,0.0,0.0,0.0,0.0,0.0
#tous,0.0,0.0,0.0,0.0,0.0,1.0,0.0,0.0,0.0,0.0,0.0,0.0,0.0,0.0,0.0,0.0,0.0,0.0
#justine,0.0,0.0,0.0,0.0,0.0,0.0,0.0,0.0,0.0,0.0,0.0,0.0,0.08333333333333333,0.08333333333333333,0.3333333333333333,0.5,0.0,0.0
#cecile,0.0,0.0,0.0,0.0,0.0,0.0,0.0,0.0,0.0,0.0,0.0,0.0,0.0,0.4,0.0,0.1,0.2,0.3
#henriette,0.0,0.0,0.0,0.0,0.0,0.0,0.0,0.0,0.0,0.0,0.0,0.0,0.0,0.175,0.025,0.025,0.475,0.3
#josephine,0.0,0.0,0.0,0.0,0.0,0.0,0.0,0.0,0.0,0.0,0.0,0.0,0.0,0.0,0.08333333333333333,0.75,0.0,0.16666666666666666
#madame-vingmaille,0.0,0.0,0.0,0.0,0.0,0.0,0.0,0.0,0.0,0.0,0.0,0.0,0.0,0.0,0.15789473684210525,0.6842105263157895,0.15789473684210525,0.0
