VALEUR,#monsieur-argan,#frontin,#lisette,#lucie,#la-presidente,#hortence,#damis,#thibaut,#le-president
Fréquences (scènes),0.06521739130434782,0.21739130434782608,0.34782608695652173,0.2608695652173913,0.21739130434782608,0.2608695652173913,0.15217391304347827,0.21739130434782608,0.4782608695652174
Fréquences(répliques),0.0,0.0,0.0,0.0,0.0,0.0,0.0,0.0,0.0
Confrontation,0.03529411764705882,0.12352941176470589,0.1588235294117647,0.15294117647058825,0.11764705882352941,0.07647058823529412,0.08235294117647059,0.08235294117647059,0.17058823529411765
Déviations,#monsieur-argan,#frontin,#lisette,#lucie,#la-presidente,#hortence,#damis,#thibaut,#le-president
#monsieur-argan,40.19565217391305,8.452173913043477,0.0018115942028985484,0.060386473429951744,0.6521739130434783,0.7826086956521738,0.4565217391304348,0.6521739130434783,0.13175230566534923
#frontin,8.452173913043477,28.17391304347826,0.07826086956521743,0.05869565217391303,0.6339130434782608,0.05869565217391303,0.1503105590062111,0.013913043478260851,0.6644268774703557
#lisette,0.0018115942028985484,0.07826086956521743,19.565217391304348,1.9134963768115945,0.6657608695652174,1.1322463768115942,0.13121118012422353,0.6282608695652173,2.8283102766798423
#lucie,0.060386473429951744,0.05869565217391303,1.9134963768115945,25.1304347826087,4.408695652173913,1.4498792270531398,0.7546583850931675,2.608695652173913,0.0951910408432149
#la-presidente,0.6521739130434783,0.6339130434782608,0.6657608695652174,4.408695652173913,28.17391304347826,0.9920289855072464,0.17888198757763982,2.1739130434782608,0.30988142292490123
#hortence,0.7826086956521738,0.05869565217391303,1.1322463768115942,1.4498792270531398,0.9920289855072464,25.1304347826087,0.3737060041407868,0.05869565217391303,2.436100131752306
#damis,0.45652173913043476,0.1503105590062113,0.13121118012422353,0.7546583850931678,0.17888198757763968,0.3737060041407867,33.06521739130435,0.17888198757763968,0.03613777526821009
#thibaut,0.6521739130434783,0.013913043478260851,0.6282608695652173,2.608695652173913,2.1739130434782608,0.05869565217391303,0.17888198757763982,28.17391304347826,0.30988142292490123
#le-president,0.13175230566534912,0.6644268774703557,2.8283102766798423,0.09519104084321468,0.30988142292490123,2.436100131752305,0.03613777526821009,0.30988142292490123,12.521739130434781
Successions,#monsieur-argan,#frontin,#lisette,#lucie,#la-presidente,#hortence,#damis,#thibaut,#le-president
#monsieur-argan,0.0,0.4583333333333333,0.4166666666666667,0.0,0.0,0.0,0.0,0.041666666666666664,0.08333333333333333
#frontin,0.25,0.0,0.057692307692307696,0.0,0.0,0.5961538461538461,0.038461538461538464,0.019230769230769232,0.038461538461538464
#lisette,0.10752688172043011,0.043010752688172046,0.03225806451612903,0.3118279569892473,0.1935483870967742,0.021505376344086023,0.13978494623655913,0.043010752688172046,0.10752688172043011
#lucie,0.011764705882352941,0.011764705882352941,0.38823529411764707,0.0,0.1411764705882353,0.023529411764705882,0.1411764705882353,0.0,0.2823529411764706
#la-presidente,0.0,0.0,0.22535211267605634,0.16901408450704225,0.0,0.014084507042253521,0.028169014084507043,0.0,0.5633802816901409
#hortence,0.0,0.47692307692307695,0.03076923076923077,0.046153846153846156,0.015384615384615385,0.0,0.046153846153846156,0.23076923076923078,0.15384615384615385
#damis,0.0,0.014492753623188406,0.18840579710144928,0.21739130434782608,0.014492753623188406,0.057971014492753624,0.0,0.18840579710144928,0.3188405797101449
#thibaut,0.0,0.0,0.029850746268656716,0.0,0.0,0.19402985074626866,0.208955223880597,0.0,0.5671641791044776
#le-president,0.00641025641025641,0.02564102564102564,0.07051282051282051,0.16666666666666666,0.25,0.07692307692307693,0.14743589743589744,0.21153846153846154,0.04487179487179487
