VALEUR,#amarille,#lucile,#don-philippe,#don-juan,#don-alvaros,#philipin,#phlippin,#don-pedre,#le-prevot,#archer,#un-pelerin,#le-pelerin,#philemon,#belinde,#oriane,#l-ombre
Fréquences (scènes),0.18181818181818182,0.030303030303030304,0.15151515151515152,0.48484848484848486,0.06060606060606061,0.6666666666666666,0.030303030303030304,0.030303030303030304,0.06060606060606061,0.06060606060606061,0.030303030303030304,0.030303030303030304,0.21212121212121213,0.06060606060606061,0.09090909090909091,0.09090909090909091
Fréquences(répliques),0.059837728194726165,0.01977687626774848,0.06592292089249494,0.26419878296146043,0.0552738336713996,0.27586206896551724,0.0005070993914807302,0.008620689655172414,0.03803245436105477,0.0035496957403651115,0.017241379310344827,0.02079107505070994,0.051217038539553755,0.02484787018255578,0.04208924949290061,0.052231237322515216
Confrontation,0.08620689655172414,0.008620689655172414,0.04310344827586207,0.2413793103448276,0.02586206896551724,0.28448275862068967,0.0,0.02586206896551724,0.034482758620689655,0.034482758620689655,0.0,0.017241379310344827,0.06896551724137931,0.034482758620689655,0.04310344827586207,0.05172413793103448
Déviations,#amarille,#lucile,#don-philippe,#don-juan,#don-alvaros,#philipin,#phlippin,#don-pedre,#le-prevot,#archer,#un-pelerin,#le-pelerin,#philemon,#belinde,#oriane,#l-ombre
#amarille,22.090909090909093,3.681818181818181,4.809090909090908,0.2840909090909091,0.36363636363636365,2.25,0.18181818181818182,3.681818181818181,1.1136363636363635,1.1136363636363635,0.18181818181818182,0.18181818181818182,1.2727272727272727,0.36363636363636365,0.5454545454545454,0.5454545454545454
#lucile,3.681818181818181,31.03030303030303,0.15151515151515152,0.48484848484848486,0.06060606060606061,0.6666666666666666,0.030303030303030304,0.030303030303030304,0.06060606060606061,0.06060606060606061,0.030303030303030304,0.030303030303030304,0.21212121212121215,0.06060606060606061,0.09090909090909091,0.09090909090909091
#don-philippe,4.809090909090908,0.15151515151515152,23.757575757575754,0.07424242424242426,0.30303030303030304,3.333333333333333,0.15151515151515152,0.15151515151515152,0.30303030303030304,0.30303030303030304,0.15151515151515152,0.15151515151515152,1.0606060606060606,0.30303030303030304,0.4545454545454546,0.4545454545454546
#don-juan,0.2840909090909091,0.48484848484848486,0.07424242424242426,8.757575757575758,0.0009469696969696953,1.041666666666667,0.48484848484848486,0.5473484848484849,0.9696969696969697,0.9696969696969697,0.48484848484848486,0.5473484848484849,0.5725108225108225,0.0009469696969696953,0.14204545454545456,1.6420454545454544
#don-alvaros,0.36363636363636365,0.06060606060606061,0.30303030303030304,0.0009469696969696953,29.12121212121212,0.3333333333333334,0.06060606060606061,0.06060606060606061,0.12121212121212122,0.12121212121212122,0.06060606060606061,0.06060606060606061,0.4242424242424243,0.12121212121212122,0.18181818181818182,0.18181818181818182
#philipin,2.25,0.6666666666666667,3.3333333333333335,1.0416666666666659,0.33333333333333315,3.6666666666666674,0.6666666666666667,0.16666666666666657,0.0833333333333334,0.0833333333333334,0.6666666666666667,0.16666666666666657,0.38095238095238076,0.0833333333333334,0.0,0.5
#phlippin,0.18181818181818182,0.030303030303030304,0.15151515151515152,0.48484848484848486,0.06060606060606061,0.6666666666666666,31.03030303030303,0.030303030303030304,0.06060606060606061,0.06060606060606061,0.030303030303030304,0.030303030303030304,0.21212121212121215,0.06060606060606061,0.09090909090909091,0.09090909090909091
#don-pedre,3.681818181818181,0.030303030303030304,0.15151515151515152,0.5473484848484849,0.06060606060606061,0.1666666666666667,0.030303030303030304,31.03030303030303,0.06060606060606061,0.06060606060606061,0.030303030303030304,0.030303030303030304,0.21212121212121215,0.06060606060606061,0.09090909090909091,0.09090909090909091
#le-prevot,1.1136363636363635,0.06060606060606061,0.30303030303030304,0.9696969696969697,0.12121212121212122,0.0833333333333333,0.06060606060606061,0.06060606060606061,29.12121212121212,29.12121212121212,0.06060606060606061,0.06060606060606061,0.4242424242424243,0.12121212121212122,0.18181818181818182,0.18181818181818182
#le-prevot,1.1136363636363635,0.06060606060606061,0.30303030303030304,0.9696969696969697,0.12121212121212122,0.0833333333333333,0.06060606060606061,0.06060606060606061,29.12121212121212,29.12121212121212,0.06060606060606061,0.06060606060606061,0.4242424242424243,0.12121212121212122,0.18181818181818182,0.18181818181818182
#un-pelerin,0.18181818181818182,0.030303030303030304,0.15151515151515152,0.48484848484848486,0.06060606060606061,0.6666666666666666,0.030303030303030304,0.030303030303030304,0.06060606060606061,0.06060606060606061,31.03030303030303,0.030303030303030304,0.21212121212121215,0.06060606060606061,0.09090909090909091,0.09090909090909091
#le-pelerin,0.18181818181818182,0.030303030303030304,0.15151515151515152,0.5473484848484849,0.06060606060606061,0.1666666666666667,0.030303030303030304,0.030303030303030304,0.06060606060606061,0.06060606060606061,0.030303030303030304,31.03030303030303,0.21212121212121215,0.06060606060606061,0.09090909090909091,0.09090909090909091
#philemon,1.2727272727272727,0.21212121212121215,1.0606060606060606,0.5725108225108225,0.4242424242424243,0.3809523809523814,0.21212121212121215,0.21212121212121215,0.4242424242424243,0.4242424242424243,0.21212121212121215,0.21212121212121215,20.484848484848488,0.4242424242424243,0.6363636363636364,0.6363636363636364
#belinde,0.36363636363636365,0.06060606060606061,0.30303030303030304,0.0009469696969696953,0.12121212121212122,0.0833333333333333,0.06060606060606061,0.06060606060606061,0.12121212121212122,0.12121212121212122,0.06060606060606061,0.06060606060606061,0.4242424242424243,29.12121212121212,18.18181818181818,0.18181818181818182
#oriane,0.5454545454545454,0.09090909090909091,0.4545454545454546,0.14204545454545456,0.18181818181818182,0.0,0.09090909090909091,0.09090909090909091,0.18181818181818182,0.18181818181818182,0.09090909090909091,0.09090909090909091,0.6363636363636364,18.18181818181818,27.272727272727277,0.2727272727272727
#l-ombre,0.5454545454545454,0.09090909090909091,0.4545454545454546,1.6420454545454544,0.18181818181818182,0.5,0.09090909090909091,0.09090909090909091,0.18181818181818182,0.18181818181818182,0.09090909090909091,0.09090909090909091,0.6363636363636364,0.18181818181818182,0.2727272727272727,27.272727272727277
Successions,#amarille,#lucile,#don-philippe,#don-juan,#don-alvaros,#philipin,#phlippin,#don-pedre,#le-prevot,#archer,#un-pelerin,#le-pelerin,#philemon,#belinde,#oriane,#l-ombre
#amarille,0.0,0.28125,0.46875,0.03125,0.0,0.0,0.03125,0.0625,0.125,0.0,0.0,0.0,0.0,0.0,0.0,0.0
#lucile,1.0,0.0,0.0,0.0,0.0,0.0,0.0,0.0,0.0,0.0,0.0,0.0,0.0,0.0,0.0,0.0
#don-philippe,0.4375,0.03125,0.0,0.5,0.0,0.03125,0.0,0.0,0.0,0.0,0.0,0.0,0.0,0.0,0.0,0.0
#don-juan,0.009569377990430622,0.0,0.07655502392344497,0.0,0.04784688995215311,0.7177033492822966,0.0,0.004784688995215311,0.0,0.0,0.0,0.0430622009569378,0.023923444976076555,0.009569377990430622,0.014354066985645933,0.05263157894736842
#don-alvaros,0.0,0.0,0.0,0.5294117647058824,0.0,0.47058823529411764,0.0,0.0,0.0,0.0,0.0,0.0,0.0,0.0,0.0,0.0
#philipin,0.00975609756097561,0.0,0.0,0.7268292682926829,0.03414634146341464,0.004878048780487805,0.0,0.0,0.04390243902439024,0.004878048780487805,0.004878048780487805,0.014634146341463415,0.05365853658536585,0.00975609756097561,0.04878048780487805,0.04390243902439024
#phlippin,0.0,0.0,0.0,1.0,0.0,0.0,0.0,0.0,0.0,0.0,0.0,0.0,0.0,0.0,0.0,0.0
#don-pedre,0.3333333333333333,0.0,0.0,0.3333333333333333,0.0,0.3333333333333333,0.0,0.0,0.0,0.0,0.0,0.0,0.0,0.0,0.0,0.0
#le-prevot,0.23529411764705882,0.0,0.0,0.0,0.0,0.5882352941176471,0.0,0.0,0.0,0.17647058823529413,0.0,0.0,0.0,0.0,0.0,0.0
#archer,0.0,0.0,0.0,0.0,0.0,0.0,0.0,0.0,1.0,0.0,0.0,0.0,0.0,0.0,0.0,0.0
#un-pelerin,0.0,0.0,0.0,0.0,0.0,1.0,0.0,0.0,0.0,0.0,0.0,0.0,0.0,0.0,0.0,0.0
#le-pelerin,0.0,0.0,0.0,0.75,0.0,0.25,0.0,0.0,0.0,0.0,0.0,0.0,0.0,0.0,0.0,0.0
#philemon,0.0,0.0,0.030303030303030304,0.12121212121212122,0.0,0.3333333333333333,0.0,0.0,0.0,0.0,0.0,0.0,0.5151515151515151,0.0,0.0,0.0
#belinde,0.0,0.0,0.0,0.13636363636363635,0.0,0.045454545454545456,0.0,0.0,0.0,0.0,0.0,0.0,0.0,0.0,0.8181818181818182,0.0
#oriane,0.0,0.0,0.0,0.12903225806451613,0.0,0.2903225806451613,0.0,0.0,0.0,0.0,0.0,0.0,0.0,0.5806451612903226,0.0,0.0
#l-ombre,0.0,0.0,0.0,0.6,0.0,0.4,0.0,0.0,0.0,0.0,0.0,0.0,0.0,0.0,0.0,0.0
