VALEUR,#pancrace,#floridon,#polydas,#lidiane,#amarille,#pysandre,#cleanide,#luciane,#echo,#la-fortune,#premier-pecheur,#second-pecheur,#le-juge,#le-procureur,#le-greffier
Fréquences (scènes),0.36,0.32,0.4,0.32,0.24,0.36,0.2,0.32,0.04,0.04,0.08,0.04,0.08,0.04,0.04
Fréquences(répliques),0.1395021136683889,0.10521371535932363,0.21136683889149835,0.13151714419915453,0.09441052137153594,0.09628933771723815,0.038985439173320806,0.08172851103804603,0.010803193987787695,0.0,0.004227336777829967,0.0023485204321277596,0.06200093940817285,0.01972757162987318,0.0018788163457022077
Confrontation,0.08712121212121213,0.12121212121212122,0.10984848484848485,0.12121212121212122,0.0946969696969697,0.12121212121212122,0.0946969696969697,0.09090909090909091,0.026515151515151516,0.026515151515151516,0.01893939393939394,0.011363636363636364,0.045454545454545456,0.015151515151515152,0.015151515151515152
Déviations,#pancrace,#floridon,#polydas,#lidiane,#amarille,#pysandre,#cleanide,#luciane,#echo,#la-fortune,#premier-pecheur,#second-pecheur,#le-juge,#le-procureur,#le-greffier
#pancrace,10.24,0.005000000000000009,0.10000000000000002,0.26888888888888884,0.011851851851851872,0.1782716049382717,0.02222222222222221,3.3800000000000003,0.36,0.36,0.72,0.36,0.10888888888888891,0.36,0.36
#floridon,0.005000000000000009,11.559999999999997,0.012500000000000022,2.325625,2.253333333333334,0.005000000000000009,1.2249999999999999,0.12250000000000001,1.4449999999999996,1.4449999999999996,2.8899999999999992,1.4449999999999996,2.8899999999999992,1.4449999999999996,1.4449999999999996
#polydas,0.0999999999999999,0.012500000000000022,9.0,1.0124999999999997,1.0666666666666669,0.5444444444444448,0.5,0.012500000000000022,0.8999999999999999,0.8999999999999999,0.8000000000000002,0.4000000000000001,0.049999999999999975,0.4000000000000001,0.4000000000000001
#lidiane,0.26888888888888884,2.325625,1.0124999999999997,11.559999999999997,0.6075,0.43555555555555564,1.2249999999999999,0.12250000000000001,1.4449999999999996,1.4449999999999996,0.20249999999999999,1.4449999999999996,2.8899999999999992,1.4449999999999996,1.4449999999999996
#amarille,0.011851851851851872,2.253333333333334,1.066666666666666,0.6075,14.440000000000005,0.32666666666666655,2.699999999999999,0.0033333333333333396,2.4066666666666667,2.4066666666666667,0.5633333333333335,0.24,0.5633333333333335,0.24,0.24
#pysandre,0.1782716049382717,0.005000000000000009,0.5444444444444444,0.43555555555555564,0.32666666666666655,10.24,5.68888888888889,1.560555555555556,1.1377777777777778,1.1377777777777778,0.72,0.36,0.10888888888888891,0.36,0.36
#cleanide,0.022222222222222265,1.2249999999999999,0.5,1.2249999999999999,2.7,5.688888888888891,16.0,1.2249999999999999,3.2000000000000006,3.2000000000000006,0.4000000000000001,0.20000000000000004,0.8999999999999999,0.20000000000000004,0.20000000000000004
#luciane,3.3800000000000003,0.12250000000000001,0.012500000000000022,0.12250000000000001,0.0033333333333333396,1.560555555555556,1.2249999999999999,11.559999999999997,0.32,0.32,0.64,0.32,0.20249999999999999,0.32,0.32
#echo,0.36,1.4449999999999996,0.8999999999999999,1.4449999999999996,2.4066666666666667,1.1377777777777778,3.2000000000000006,0.32,23.04,23.04,0.08,0.04,0.08,0.04,0.04
#echo,0.36,1.4449999999999996,0.8999999999999999,1.4449999999999996,2.4066666666666667,1.1377777777777778,3.2000000000000006,0.32,23.04,23.04,0.08,0.04,0.08,0.04,0.04
#premier-pecheur,0.72,2.8899999999999992,0.8000000000000002,0.20249999999999999,0.5633333333333335,0.72,0.4000000000000001,0.64,0.08,0.08,21.16,10.58,0.16,0.08,0.08
#second-pecheur,0.36,1.4449999999999996,0.4000000000000001,1.4449999999999996,0.24,0.36,0.20000000000000004,0.32,0.04,0.04,10.58,23.04,0.08,0.04,0.04
#le-juge,0.10888888888888891,2.8899999999999992,0.049999999999999975,2.8899999999999992,0.5633333333333335,0.10888888888888891,0.8999999999999999,0.20249999999999999,0.08,0.08,0.16,0.08,21.16,10.58,10.58
#le-procureur,0.36,1.4449999999999996,0.4000000000000001,1.4449999999999996,0.24,0.36,0.20000000000000004,0.32,0.04,0.04,0.08,0.04,10.58,23.04,23.04
#le-procureur,0.36,1.4449999999999996,0.4000000000000001,1.4449999999999996,0.24,0.36,0.20000000000000004,0.32,0.04,0.04,0.08,0.04,10.58,23.04,23.04
Successions,#pancrace,#floridon,#polydas,#lidiane,#amarille,#pysandre,#cleanide,#luciane,#echo,#la-fortune,#premier-pecheur,#second-pecheur,#le-juge,#le-procureur,#le-greffier
#pancrace,0.0,0.1643835616438356,0.2465753424657534,0.0410958904109589,0.0,0.0273972602739726,0.0,0.4931506849315068,0.0,0.0,0.0,0.0,0.0273972602739726,0.0,0.0
#floridon,0.15789473684210525,0.0,0.05263157894736842,0.09210526315789473,0.4342105263157895,0.02631578947368421,0.02631578947368421,0.013157894736842105,0.17105263157894737,0.0,0.013157894736842105,0.0,0.013157894736842105,0.0,0.0
#polydas,0.24468085106382978,0.031914893617021274,0.0,0.24468085106382978,0.19148936170212766,0.1702127659574468,0.0425531914893617,0.0425531914893617,0.0,0.031914893617021274,0.0,0.0,0.0,0.0,0.0
#lidiane,0.018518518518518517,0.09259259259259259,0.42592592592592593,0.0,0.018518518518518517,0.18518518518518517,0.037037037037037035,0.05555555555555555,0.0,0.0,0.018518518518518517,0.037037037037037035,0.1111111111111111,0.0,0.0
#amarille,0.0,0.6,0.2833333333333333,0.016666666666666666,0.016666666666666666,0.03333333333333333,0.016666666666666666,0.016666666666666666,0.0,0.016666666666666666,0.0,0.0,0.0,0.0,0.0
#pysandre,0.05063291139240506,0.012658227848101266,0.25316455696202533,0.10126582278481013,0.0379746835443038,0.0,0.3670886075949367,0.0379746835443038,0.12658227848101267,0.0,0.0,0.0,0.0,0.012658227848101266,0.0
#cleanide,0.0,0.0,0.14634146341463414,0.024390243902439025,0.024390243902439025,0.7804878048780488,0.0,0.0,0.0,0.024390243902439025,0.0,0.0,0.0,0.0,0.0
#luciane,0.64,0.04,0.1,0.04,0.02,0.08,0.02,0.0,0.0,0.0,0.0,0.0,0.06,0.0,0.0
#echo,0.0,0.5652173913043478,0.0,0.0,0.0,0.43478260869565216,0.0,0.0,0.0,0.0,0.0,0.0,0.0,0.0,0.0
#la-fortune,0.0,0.0,0.0,0.2,0.4,0.2,0.2,0.0,0.0,0.0,0.0,0.0,0.0,0.0,0.0
#premier-pecheur,0.0,0.25,0.0,0.25,0.0,0.0,0.0,0.0,0.0,0.0,0.0,0.5,0.0,0.0,0.0
#second-pecheur,0.0,0.0,0.0,0.5,0.0,0.0,0.0,0.0,0.0,0.0,0.5,0.0,0.0,0.0,0.0
#le-juge,0.038461538461538464,0.11538461538461539,0.038461538461538464,0.15384615384615385,0.0,0.0,0.038461538461538464,0.07692307692307693,0.0,0.0,0.0,0.0,0.038461538461538464,0.46153846153846156,0.038461538461538464
#le-procureur,0.0,0.0,0.0,0.07692307692307693,0.0,0.0,0.0,0.0,0.0,0.0,0.0,0.0,0.9230769230769231,0.0,0.0
#le-greffier,0.0,0.0,0.0,0.0,0.0,0.0,0.0,0.0,0.0,0.0,0.0,0.0,1.0,0.0,0.0
