VALEUR,#la-satire,#apollon,#uranie,#clio,#la-renommee,#calliope,#melpomene,#terpsicore,#thalie,#les-muses,#polymnie,#polymnie #calliope,#le-chef-des-arts,#le-chef-des-talents,#tous,#isabelle,#clarice,#dorise,#hassan,#dorise #isabelle,#osmin,#axelie,#d-oberval,#une-esclave,#les-deux-esclaves,#choeur-d-esclaves,#une-des-deux-esclaves,#le-choeur,#l-esclave,#dernier-choeur,#le-peuple,#le-paysan,#la-paysanne
Fréquences (scènes),0.11538461538461539,0.19230769230769232,0.07692307692307693,0.15384615384615385,0.11538461538461539,0.038461538461538464,0.07692307692307693,0.038461538461538464,0.11538461538461539,0.038461538461538464,0.0,0.0,0.0,0.0,0.0,0.23076923076923078,0.3076923076923077,0.2692307692307692,0.3076923076923077,0.0,0.11538461538461539,0.07692307692307693,0.4230769230769231,0.0,0.0,0.0,0.0,0.0,0.0,0.0,0.0,0.0,0.0
Fréquences(répliques),0.030035335689045935,0.028268551236749116,0.00530035335689046,0.007067137809187279,0.011778563015312132,0.006478209658421673,0.015901060070671377,0.0005889281507656066,0.03356890459363958,0.0005889281507656066,0.001177856301531213,0.002944640753828033,0.001177856301531213,0.0017667844522968198,0.0017667844522968198,0.06713780918727916,0.11366313309776208,0.1254416961130742,0.2414605418138987,0.010011778563015312,0.07773851590106007,0.02237926972909305,0.14546525323910484,0.009422850412249705,0.0035335689045936395,0.0005889281507656066,0.009422850412249705,0.007067137809187279,0.00530035335689046,0.002355712603062426,0.0,0.004711425206124852,0.005889281507656066
Confrontation,0.07303370786516854,0.10674157303370786,0.056179775280898875,0.0898876404494382,0.07303370786516854,0.016853932584269662,0.056179775280898875,0.016853932584269662,0.056179775280898875,0.03932584269662921,0.0,0.0,0.0,0.0,0.0,0.06741573033707865,0.07303370786516854,0.08426966292134831,0.07865168539325842,0.0,0.02247191011235955,0.016853932584269662,0.07303370786516854,0.0,0.0,0.0,0.0,0.0,0.0,0.0,0.0,0.0,0.0
Déviations,#la-satire,#apollon,#uranie,#clio,#la-renommee,#calliope,#melpomene,#terpsicore,#thalie,#les-muses,#polymnie,#polymnie #calliope,#le-chef-des-arts,#le-chef-des-talents,#tous,#isabelle,#clarice,#dorise,#hassan,#dorise #isabelle,#osmin,#axelie,#d-oberval,#une-esclave,#les-deux-esclaves,#choeur-d-esclaves,#une-des-deux-esclaves,#le-choeur,#l-esclave,#dernier-choeur,#le-peuple,#le-paysan,#la-paysanne
#la-satire,20.346153846153843,10.176923076923075,13.564102564102562,5.128205128205127,7.901709401709401,0.11538461538461539,2.5641025641025634,0.11538461538461539,7.901709401709401,6.782051282051281,0.0,0.0,0.0,0.0,0.0,0.6923076923076923,0.9230769230769231,0.8076923076923077,0.9230769230769231,0.0,0.34615384615384615,0.23076923076923078,1.2692307692307692,0.0,0.0,0.0,0.0,0.0,0.0,0.0,0.0,0.0,0.0
#apollon,10.176923076923075,16.96153846153846,6.7846153846153845,13.569230769230769,10.176923076923075,3.3923076923076922,6.7846153846153845,3.3923076923076922,3.510256410256409,3.3923076923076922,0.0,0.0,0.0,0.0,0.0,1.153846153846154,1.5384615384615385,1.346153846153846,1.5384615384615385,0.0,0.576923076923077,0.38461538461538464,2.1153846153846154,0.0,0.0,0.0,0.0,0.0,0.0,0.0,0.0,0.0,0.0
#uranie,13.564102564102562,6.7846153846153845,22.153846153846157,9.307692307692307,2.5641025641025634,0.07692307692307693,4.653846153846153,0.07692307692307693,2.5641025641025634,11.076923076923078,0.0,0.0,0.0,0.0,0.0,0.46153846153846156,0.6153846153846154,0.5384615384615384,0.6153846153846154,0.0,0.23076923076923078,0.15384615384615385,0.8461538461538461,0.0,0.0,0.0,0.0,0.0,0.0,0.0,0.0,0.0,0.0
#clio,5.128205128205127,13.569230769230769,9.307692307692307,18.615384615384613,5.128205128205127,4.653846153846153,9.307692307692307,4.653846153846153,0.6282051282051281,4.653846153846153,0.0,0.0,0.0,0.0,0.0,0.9230769230769231,1.2307692307692308,1.0769230769230769,1.2307692307692308,0.0,0.46153846153846156,0.3076923076923077,1.6923076923076923,0.0,0.0,0.0,0.0,0.0,0.0,0.0,0.0,0.0,0.0
#la-renommee,7.901709401709401,10.176923076923075,2.5641025641025634,5.128205128205127,20.346153846153843,6.782051282051281,2.5641025641025634,0.11538461538461539,7.901709401709401,6.782051282051281,0.0,0.0,0.0,0.0,0.0,0.6923076923076923,0.9230769230769231,0.8076923076923077,0.9230769230769231,0.0,0.34615384615384615,0.23076923076923078,1.2692307692307692,0.0,0.0,0.0,0.0,0.0,0.0,0.0,0.0,0.0,0.0
#calliope,0.11538461538461539,3.3923076923076922,0.07692307692307693,4.653846153846153,6.782051282051281,24.038461538461537,0.07692307692307693,0.038461538461538464,0.11538461538461539,0.038461538461538464,0.0,0.0,0.0,0.0,0.0,0.23076923076923078,0.3076923076923077,0.2692307692307692,0.3076923076923077,0.0,0.11538461538461539,0.07692307692307693,0.4230769230769231,0.0,0.0,0.0,0.0,0.0,0.0,0.0,0.0,0.0,0.0
#melpomene,2.5641025641025634,6.7846153846153845,4.653846153846153,9.307692307692307,2.5641025641025634,0.07692307692307693,22.153846153846157,11.076923076923078,2.5641025641025634,11.076923076923078,0.0,0.0,0.0,0.0,0.0,0.46153846153846156,0.6153846153846154,0.5384615384615384,0.6153846153846154,0.0,0.23076923076923078,0.15384615384615385,0.8461538461538461,0.0,0.0,0.0,0.0,0.0,0.0,0.0,0.0,0.0,0.0
#terpsicore,0.11538461538461539,3.3923076923076922,0.07692307692307693,4.653846153846153,0.11538461538461539,0.038461538461538464,11.076923076923078,24.038461538461537,0.11538461538461539,0.038461538461538464,0.0,0.0,0.0,0.0,0.0,0.23076923076923078,0.3076923076923077,0.2692307692307692,0.3076923076923077,0.0,0.11538461538461539,0.07692307692307693,0.4230769230769231,0.0,0.0,0.0,0.0,0.0,0.0,0.0,0.0,0.0,0.0
#thalie,7.901709401709401,3.510256410256409,2.5641025641025634,0.6282051282051281,7.901709401709401,0.11538461538461539,2.5641025641025634,0.11538461538461539,20.346153846153843,6.782051282051281,0.0,0.0,0.0,0.0,0.0,0.6923076923076923,0.9230769230769231,0.8076923076923077,0.9230769230769231,0.0,0.34615384615384615,0.23076923076923078,1.2692307692307692,0.0,0.0,0.0,0.0,0.0,0.0,0.0,0.0,0.0,0.0
#les-muses,6.782051282051281,3.3923076923076922,11.076923076923078,4.653846153846153,6.782051282051281,0.038461538461538464,11.076923076923078,0.038461538461538464,6.782051282051281,24.038461538461537,0.0,0.0,0.0,0.0,0.0,0.23076923076923078,0.3076923076923077,0.2692307692307692,0.3076923076923077,0.0,0.11538461538461539,0.07692307692307693,0.4230769230769231,0.0,0.0,0.0,0.0,0.0,0.0,0.0,0.0,0.0,0.0
#polymnie,0.0,0.0,0.0,0.0,0.0,0.0,0.0,0.0,0.0,0.0,0.0,0.0,0.0,0.0,0.0,0.0,0.0,0.0,0.0,0.0,0.0,0.0,0.0,0.0,0.0,0.0,0.0,0.0,0.0,0.0,0.0,0.0,0.0
#polymnie,0.0,0.0,0.0,0.0,0.0,0.0,0.0,0.0,0.0,0.0,0.0,0.0,0.0,0.0,0.0,0.0,0.0,0.0,0.0,0.0,0.0,0.0,0.0,0.0,0.0,0.0,0.0,0.0,0.0,0.0,0.0,0.0,0.0
#polymnie,0.0,0.0,0.0,0.0,0.0,0.0,0.0,0.0,0.0,0.0,0.0,0.0,0.0,0.0,0.0,0.0,0.0,0.0,0.0,0.0,0.0,0.0,0.0,0.0,0.0,0.0,0.0,0.0,0.0,0.0,0.0,0.0,0.0
#polymnie,0.0,0.0,0.0,0.0,0.0,0.0,0.0,0.0,0.0,0.0,0.0,0.0,0.0,0.0,0.0,0.0,0.0,0.0,0.0,0.0,0.0,0.0,0.0,0.0,0.0,0.0,0.0,0.0,0.0,0.0,0.0,0.0,0.0
#polymnie,0.0,0.0,0.0,0.0,0.0,0.0,0.0,0.0,0.0,0.0,0.0,0.0,0.0,0.0,0.0,0.0,0.0,0.0,0.0,0.0,0.0,0.0,0.0,0.0,0.0,0.0,0.0,0.0,0.0,0.0,0.0,0.0,0.0
#isabelle,0.6923076923076923,1.153846153846154,0.46153846153846156,0.9230769230769231,0.6923076923076923,0.23076923076923078,0.46153846153846156,0.23076923076923078,0.6923076923076923,0.23076923076923078,0.0,0.0,0.0,0.0,0.0,15.384615384615381,5.387820512820512,3.52014652014652,0.012820512820512803,0.0,0.6923076923076923,0.46153846153846156,0.9324009324009324,0.0,0.0,0.0,0.0,0.0,0.0,0.0,0.0,0.0,0.0
#clarice,0.9230769230769231,1.5384615384615385,0.6153846153846154,1.2307692307692308,0.9230769230769231,0.3076923076923077,0.6153846153846154,0.3076923076923077,0.9230769230769231,0.3076923076923077,0.0,0.0,0.0,0.0,0.0,5.387820512820512,12.46153846153846,0.3324175824175825,0.11778846153846148,0.0,0.9230769230769231,0.6153846153846154,0.5664335664335663,0.0,0.0,0.0,0.0,0.0,0.0,0.0,0.0,0.0,0.0
#dorise,0.8076923076923077,1.3461538461538463,0.5384615384615385,1.076923076923077,0.8076923076923077,0.2692307692307693,0.5384615384615385,0.2692307692307693,0.8076923076923077,0.2692307692307693,0.0,0.0,0.0,0.0,0.0,3.52014652014652,0.3324175824175821,13.884615384615383,0.3324175824175821,0.0,0.04578754578754578,0.3956043956043954,0.0004995004995004959,0.0,0.0,0.0,0.0,0.0,0.0,0.0,0.0,0.0,0.0
#hassan,0.9230769230769231,1.5384615384615385,0.6153846153846154,1.2307692307692308,0.9230769230769231,0.3076923076923077,0.6153846153846154,0.3076923076923077,0.9230769230769231,0.3076923076923077,0.0,0.0,0.0,0.0,0.0,0.012820512820512803,0.11778846153846148,0.3324175824175825,12.46153846153846,0.0,0.9230769230769231,0.6153846153846154,2.0209790209790213,0.0,0.0,0.0,0.0,0.0,0.0,0.0,0.0,0.0,0.0
#polymnie,0.0,0.0,0.0,0.0,0.0,0.0,0.0,0.0,0.0,0.0,0.0,0.0,0.0,0.0,0.0,0.0,0.0,0.0,0.0,0.0,0.0,0.0,0.0,0.0,0.0,0.0,0.0,0.0,0.0,0.0,0.0,0.0,0.0
#osmin,0.34615384615384615,0.576923076923077,0.23076923076923078,0.46153846153846156,0.34615384615384615,0.11538461538461539,0.23076923076923078,0.11538461538461539,0.34615384615384615,0.11538461538461539,0.0,0.0,0.0,0.0,0.0,0.6923076923076923,0.9230769230769231,0.04578754578754578,0.9230769230769231,0.0,20.346153846153843,13.564102564102562,0.057109557109557084,0.0,0.0,0.0,0.0,0.0,0.0,0.0,0.0,0.0,0.0
#axelie,0.23076923076923078,0.38461538461538464,0.15384615384615385,0.3076923076923077,0.23076923076923078,0.07692307692307693,0.15384615384615385,0.07692307692307693,0.23076923076923078,0.07692307692307693,0.0,0.0,0.0,0.0,0.0,0.46153846153846156,0.6153846153846154,0.3956043956043957,0.6153846153846154,0.0,13.564102564102562,22.153846153846157,0.8461538461538461,0.0,0.0,0.0,0.0,0.0,0.0,0.0,0.0,0.0,0.0
#d-oberval,1.2692307692307694,2.1153846153846154,0.8461538461538463,1.6923076923076925,1.2692307692307694,0.42307692307692313,0.8461538461538463,0.42307692307692313,1.2692307692307694,0.42307692307692313,0.0,0.0,0.0,0.0,0.0,0.9324009324009327,0.5664335664335667,0.0004995004995005075,2.02097902097902,0.0,0.05710955710955717,0.8461538461538463,8.653846153846152,0.0,0.0,0.0,0.0,0.0,0.0,0.0,0.0,0.0,0.0
#polymnie,0.0,0.0,0.0,0.0,0.0,0.0,0.0,0.0,0.0,0.0,0.0,0.0,0.0,0.0,0.0,0.0,0.0,0.0,0.0,0.0,0.0,0.0,0.0,0.0,0.0,0.0,0.0,0.0,0.0,0.0,0.0,0.0,0.0
#polymnie,0.0,0.0,0.0,0.0,0.0,0.0,0.0,0.0,0.0,0.0,0.0,0.0,0.0,0.0,0.0,0.0,0.0,0.0,0.0,0.0,0.0,0.0,0.0,0.0,0.0,0.0,0.0,0.0,0.0,0.0,0.0,0.0,0.0
#polymnie,0.0,0.0,0.0,0.0,0.0,0.0,0.0,0.0,0.0,0.0,0.0,0.0,0.0,0.0,0.0,0.0,0.0,0.0,0.0,0.0,0.0,0.0,0.0,0.0,0.0,0.0,0.0,0.0,0.0,0.0,0.0,0.0,0.0
#polymnie,0.0,0.0,0.0,0.0,0.0,0.0,0.0,0.0,0.0,0.0,0.0,0.0,0.0,0.0,0.0,0.0,0.0,0.0,0.0,0.0,0.0,0.0,0.0,0.0,0.0,0.0,0.0,0.0,0.0,0.0,0.0,0.0,0.0
#polymnie,0.0,0.0,0.0,0.0,0.0,0.0,0.0,0.0,0.0,0.0,0.0,0.0,0.0,0.0,0.0,0.0,0.0,0.0,0.0,0.0,0.0,0.0,0.0,0.0,0.0,0.0,0.0,0.0,0.0,0.0,0.0,0.0,0.0
#polymnie,0.0,0.0,0.0,0.0,0.0,0.0,0.0,0.0,0.0,0.0,0.0,0.0,0.0,0.0,0.0,0.0,0.0,0.0,0.0,0.0,0.0,0.0,0.0,0.0,0.0,0.0,0.0,0.0,0.0,0.0,0.0,0.0,0.0
#polymnie,0.0,0.0,0.0,0.0,0.0,0.0,0.0,0.0,0.0,0.0,0.0,0.0,0.0,0.0,0.0,0.0,0.0,0.0,0.0,0.0,0.0,0.0,0.0,0.0,0.0,0.0,0.0,0.0,0.0,0.0,0.0,0.0,0.0
#polymnie,0.0,0.0,0.0,0.0,0.0,0.0,0.0,0.0,0.0,0.0,0.0,0.0,0.0,0.0,0.0,0.0,0.0,0.0,0.0,0.0,0.0,0.0,0.0,0.0,0.0,0.0,0.0,0.0,0.0,0.0,0.0,0.0,0.0
#polymnie,0.0,0.0,0.0,0.0,0.0,0.0,0.0,0.0,0.0,0.0,0.0,0.0,0.0,0.0,0.0,0.0,0.0,0.0,0.0,0.0,0.0,0.0,0.0,0.0,0.0,0.0,0.0,0.0,0.0,0.0,0.0,0.0,0.0
#polymnie,0.0,0.0,0.0,0.0,0.0,0.0,0.0,0.0,0.0,0.0,0.0,0.0,0.0,0.0,0.0,0.0,0.0,0.0,0.0,0.0,0.0,0.0,0.0,0.0,0.0,0.0,0.0,0.0,0.0,0.0,0.0,0.0,0.0
Successions,#la-satire,#apollon,#uranie,#clio,#la-renommee,#calliope,#melpomene,#terpsicore,#thalie,#les-muses,#polymnie,#polymnie #calliope,#le-chef-des-arts,#le-chef-des-talents,#tous,#isabelle,#clarice,#dorise,#hassan,#dorise #isabelle,#osmin,#axelie,#d-oberval,#une-esclave,#les-deux-esclaves,#choeur-d-esclaves,#une-des-deux-esclaves,#le-choeur,#l-esclave,#dernier-choeur,#le-peuple,#le-paysan,#la-paysanne
#la-satire,0.0,0.5294117647058824,0.17647058823529413,0.058823529411764705,0.0,0.0,0.0,0.0,0.17647058823529413,0.0,0.0,0.0,0.0,0.0,0.0,0.0,0.0,0.058823529411764705,0.0,0.0,0.0,0.0,0.0,0.0,0.0,0.0,0.0,0.0,0.0,0.0,0.0,0.0,0.0
#apollon,0.42857142857142855,0.0,0.0,0.047619047619047616,0.09523809523809523,0.0,0.19047619047619047,0.0,0.23809523809523808,0.0,0.0,0.0,0.0,0.0,0.0,0.0,0.0,0.0,0.0,0.0,0.0,0.0,0.0,0.0,0.0,0.0,0.0,0.0,0.0,0.0,0.0,0.0,0.0
#uranie,0.75,0.0,0.0,0.25,0.0,0.0,0.0,0.0,0.0,0.0,0.0,0.0,0.0,0.0,0.0,0.0,0.0,0.0,0.0,0.0,0.0,0.0,0.0,0.0,0.0,0.0,0.0,0.0,0.0,0.0,0.0,0.0,0.0
#clio,0.3333333333333333,0.0,0.0,0.0,0.16666666666666666,0.0,0.16666666666666666,0.0,0.3333333333333333,0.0,0.0,0.0,0.0,0.0,0.0,0.0,0.0,0.0,0.0,0.0,0.0,0.0,0.0,0.0,0.0,0.0,0.0,0.0,0.0,0.0,0.0,0.0,0.0
#la-renommee,0.0,0.5,0.0,0.25,0.0,0.0,0.0,0.0,0.25,0.0,0.0,0.0,0.0,0.0,0.0,0.0,0.0,0.0,0.0,0.0,0.0,0.0,0.0,0.0,0.0,0.0,0.0,0.0,0.0,0.0,0.0,0.0,0.0
#calliope,0.0,0.5,0.0,0.0,0.0,0.0,0.0,0.0,0.0,0.0,0.5,0.0,0.0,0.0,0.0,0.0,0.0,0.0,0.0,0.0,0.0,0.0,0.0,0.0,0.0,0.0,0.0,0.0,0.0,0.0,0.0,0.0,0.0
#melpomene,0.0,0.3333333333333333,0.08333333333333333,0.0,0.0,0.08333333333333333,0.0,0.08333333333333333,0.4166666666666667,0.0,0.0,0.0,0.0,0.0,0.0,0.0,0.0,0.0,0.0,0.0,0.0,0.0,0.0,0.0,0.0,0.0,0.0,0.0,0.0,0.0,0.0,0.0,0.0
#terpsicore,0.0,0.0,0.0,1.0,0.0,0.0,0.0,0.0,0.0,0.0,0.0,0.0,0.0,0.0,0.0,0.0,0.0,0.0,0.0,0.0,0.0,0.0,0.0,0.0,0.0,0.0,0.0,0.0,0.0,0.0,0.0,0.0,0.0
#thalie,0.21052631578947367,0.21052631578947367,0.0,0.05263157894736842,0.05263157894736842,0.0,0.3684210526315789,0.0,0.05263157894736842,0.05263157894736842,0.0,0.0,0.0,0.0,0.0,0.0,0.0,0.0,0.0,0.0,0.0,0.0,0.0,0.0,0.0,0.0,0.0,0.0,0.0,0.0,0.0,0.0,0.0
#les-muses,0.0,0.0,0.0,0.0,0.0,0.0,0.0,0.0,1.0,0.0,0.0,0.0,0.0,0.0,0.0,0.0,0.0,0.0,0.0,0.0,0.0,0.0,0.0,0.0,0.0,0.0,0.0,0.0,0.0,0.0,0.0,0.0,0.0
#les-muses,0.0,0.0,0.0,0.0,0.0,0.0,0.0,0.0,1.0,0.0,0.0,0.0,0.0,0.0,0.0,0.0,0.0,0.0,0.0,0.0,0.0,0.0,0.0,0.0,0.0,0.0,0.0,0.0,0.0,0.0,0.0,0.0,0.0
#polymnie #calliope,0.0,0.0,0.0,0.0,0.0,1.0,0.0,0.0,0.0,0.0,0.0,0.0,0.0,0.0,0.0,0.0,0.0,0.0,0.0,0.0,0.0,0.0,0.0,0.0,0.0,0.0,0.0,0.0,0.0,0.0,0.0,0.0,0.0
#le-chef-des-arts,0.0,0.0,0.0,0.0,0.0,0.0,0.0,0.0,0.0,0.0,0.0,1.0,0.0,0.0,0.0,0.0,0.0,0.0,0.0,0.0,0.0,0.0,0.0,0.0,0.0,0.0,0.0,0.0,0.0,0.0,0.0,0.0,0.0
#le-chef-des-talents,0.0,0.0,0.0,0.0,0.0,0.0,0.0,0.0,0.0,0.0,0.0,0.0,1.0,0.0,0.0,0.0,0.0,0.0,0.0,0.0,0.0,0.0,0.0,0.0,0.0,0.0,0.0,0.0,0.0,0.0,0.0,0.0,0.0
#tous,0.0,0.0,0.0,0.0,0.0,0.0,0.0,0.0,0.0,0.0,0.0,0.0,0.0,1.0,0.0,0.0,0.0,0.0,0.0,0.0,0.0,0.0,0.0,0.0,0.0,0.0,0.0,0.0,0.0,0.0,0.0,0.0,0.0
#isabelle,0.0,0.0,0.0,0.0,0.0,0.0,0.0,0.0,0.0,0.0,0.0,0.0,0.0,0.0,0.02631578947368421,0.0,0.5789473684210527,0.3157894736842105,0.05263157894736842,0.0,0.0,0.0,0.02631578947368421,0.0,0.0,0.0,0.0,0.0,0.0,0.0,0.0,0.0,0.0
#clarice,0.0,0.0,0.0,0.0,0.0,0.0,0.0,0.0,0.0,0.0,0.0,0.0,0.0,0.0,0.0,0.27692307692307694,0.0,0.13846153846153847,0.4153846153846154,0.0,0.0,0.0,0.16923076923076924,0.0,0.0,0.0,0.0,0.0,0.0,0.0,0.0,0.0,0.0
#dorise,0.0,0.0,0.0,0.0,0.0,0.0,0.0,0.0,0.0,0.0,0.0,0.0,0.0,0.0,0.0,0.24324324324324326,0.0945945945945946,0.013513513513513514,0.3783783783783784,0.0,0.013513513513513514,0.04054054054054054,0.21621621621621623,0.0,0.0,0.0,0.0,0.0,0.0,0.0,0.0,0.0,0.0
#hassan,0.0,0.0,0.0,0.0,0.0,0.0,0.0,0.0,0.0,0.0,0.0,0.0,0.0,0.0,0.0,0.01694915254237288,0.2627118644067797,0.2627118644067797,0.01694915254237288,0.0,0.0,0.0,0.4406779661016949,0.0,0.0,0.0,0.0,0.0,0.0,0.0,0.0,0.0,0.0
#dorise #isabelle,0.0,0.0,0.0,0.0,0.0,0.0,0.0,0.0,0.0,0.0,0.0,0.0,0.0,0.0,0.0,0.0,0.0,1.0,0.0,0.0,0.0,0.0,0.0,0.0,0.0,0.0,0.0,0.0,0.0,0.0,0.0,0.0,0.0
#osmin,0.0,0.0,0.0,0.0,0.0,0.0,0.0,0.0,0.0,0.0,0.0,0.0,0.0,0.0,0.0,0.0,0.0,0.05714285714285714,0.0,0.02857142857142857,0.0,0.37142857142857144,0.5428571428571428,0.0,0.0,0.0,0.0,0.0,0.0,0.0,0.0,0.0,0.0
#axelie,0.0,0.0,0.0,0.0,0.0,0.0,0.0,0.0,0.0,0.0,0.0,0.0,0.0,0.0,0.0,0.0,0.0,0.0625,0.0,0.0,0.9375,0.0,0.0,0.0,0.0,0.0,0.0,0.0,0.0,0.0,0.0,0.0,0.0
#d-oberval,0.0,0.0,0.0,0.0,0.0,0.0,0.0,0.0,0.0,0.0,0.0,0.0,0.0,0.0,0.0,0.0,0.050505050505050504,0.16161616161616163,0.5959595959595959,0.0,0.18181818181818182,0.0,0.0,0.0,0.0,0.0,0.0,0.0,0.0,0.010101010101010102,0.0,0.0,0.0
#une-esclave,0.0,0.0,0.0,0.0,0.0,0.0,0.0,0.0,0.0,0.0,0.0,0.0,0.0,0.0,0.0,0.0,0.0,0.0,0.0,0.0,0.3333333333333333,0.0,0.0,0.3333333333333333,0.0,0.0,0.3333333333333333,0.0,0.0,0.0,0.0,0.0,0.0
#les-deux-esclaves,0.0,0.0,0.0,0.0,0.0,0.0,0.0,0.0,0.0,0.0,0.0,0.0,0.0,0.0,0.0,0.0,0.0,0.0,0.0,0.0,0.0,0.0,0.0,1.0,0.0,0.0,0.0,0.0,0.0,0.0,0.0,0.0,0.0
#choeur-d-esclaves,0.0,0.0,0.0,0.0,0.0,0.0,0.0,0.0,0.0,0.0,0.0,0.0,0.0,0.0,0.0,0.0,0.0,0.0,0.0,0.0,0.0,0.0,0.0,0.0,1.0,0.0,0.0,0.0,0.0,0.0,0.0,0.0,0.0
#une-des-deux-esclaves,0.0,0.0,0.0,0.0,0.0,0.0,0.0,0.0,0.0,0.0,0.0,0.0,0.0,0.0,0.0,0.0,0.0,0.0,0.0,0.0,0.0,0.0,0.0,0.0,0.0,0.5,0.5,0.0,0.0,0.0,0.0,0.0,0.0
#le-choeur,0.0,0.0,0.0,0.0,0.0,0.0,0.0,0.0,0.0,0.0,0.0,0.0,0.0,0.0,0.0,0.0,0.0,0.0,0.0,0.0,0.0,0.0,0.0,0.3333333333333333,0.0,0.0,0.0,0.0,0.6666666666666666,0.0,0.0,0.0,0.0
#l-esclave,0.0,0.0,0.0,0.0,0.0,0.0,0.0,0.0,0.0,0.0,0.0,0.0,0.0,0.0,0.0,0.0,0.0,0.0,0.0,0.0,0.0,0.0,0.0,0.0,0.0,0.0,0.0,1.0,0.0,0.0,0.0,0.0,0.0
#l-esclave,0.0,0.0,0.0,0.0,0.0,0.0,0.0,0.0,0.0,0.0,0.0,0.0,0.0,0.0,0.0,0.0,0.0,0.0,0.0,0.0,0.0,0.0,0.0,0.0,0.0,0.0,0.0,1.0,0.0,0.0,0.0,0.0,0.0
#le-peuple,0.0,0.5,0.0,0.0,0.0,0.0,0.0,0.0,0.0,0.0,0.0,0.0,0.0,0.0,0.0,0.0,0.0,0.0,0.0,0.0,0.0,0.0,0.0,0.0,0.0,0.0,0.0,0.0,0.0,0.0,0.0,0.0,0.5
#le-paysan,0.0,0.0,0.0,0.0,0.0,0.0,0.0,0.0,0.0,0.0,0.0,0.0,0.0,0.0,0.0,0.0,0.0,0.0,0.0,0.0,0.0,0.0,0.0,0.0,0.0,0.0,0.0,0.0,0.0,0.0,0.5,0.0,0.5
#la-paysanne,0.0,0.0,0.0,0.0,0.0,0.0,0.0,0.0,0.0,0.0,0.0,0.0,0.0,0.0,0.0,0.0,0.0,0.0,0.0,0.0,0.0,0.0,0.0,0.0,0.0,0.0,0.0,0.0,0.0,0.0,0.0,1.0,0.0
