VALEUR,#precieuse,#la-vieille,#le-poete,#don-jean,#le-capitaine,#andres,#l-egyptien,#hipolite,#le-prevot,#un-archer,#isabelle,#ferdinand,#un-de-la-troupe,#le-senechal
Fréquences (scènes),0.6363636363636364,0.45454545454545453,0.18181818181818182,0.12121212121212122,0.12121212121212122,0.48484848484848486,0.06060606060606061,0.15151515151515152,0.09090909090909091,0.030303030303030304,0.15151515151515152,0.15151515151515152,0.030303030303030304,0.030303030303030304
Fréquences(répliques),0.24120851906884597,0.0866765725606736,0.0866765725606736,0.08915304606240713,0.07974244675581971,0.20356612184249628,0.010896483407627538,0.06587419514611194,0.013868251609707775,0.0004952947003467063,0.07578008915304606,0.04210004952947004,0.0009905894006934125,0.0029717682020802376
Confrontation,0.20952380952380953,0.1761904761904762,0.05238095238095238,0.023809523809523808,0.0761904761904762,0.14761904761904762,0.023809523809523808,0.047619047619047616,0.05238095238095238,0.02857142857142857,0.05714285714285714,0.06666666666666667,0.01904761904761905,0.01904761904761905
Déviations,#precieuse,#la-vieille,#le-poete,#don-jean,#le-capitaine,#andres,#l-egyptien,#hipolite,#le-prevot,#un-archer,#isabelle,#ferdinand,#un-de-la-troupe,#le-senechal
#precieuse,4.363636363636364,1.2502164502164508,0.17532467532467538,0.11688311688311687,0.08116883116883118,0.06574675324675328,0.05844155844155843,0.4389610389610391,0.43290043290043295,0.2077922077922078,0.21038961038961024,0.01038961038961042,0.6363636363636364,0.6363636363636364
#la-vieille,1.2502164502164508,9.818181818181818,0.02727272727272722,0.018181818181818146,0.7681818181818179,0.010227272727272774,0.009090909090909073,0.7127272727272729,0.09696969696969703,0.6545454545454544,0.23272727272727256,0.03272727272727277,0.4545454545454546,0.4545454545454546
#le-poete,0.17532467532467538,0.027272727272727317,22.090909090909093,0.7272727272727273,0.7272727272727273,0.0028409090909090854,7.363636363636362,0.9090909090909092,0.5454545454545454,0.18181818181818182,0.9090909090909092,0.9090909090909092,0.18181818181818182,0.18181818181818182
#don-jean,0.11688311688311687,0.018181818181818195,0.7272727272727273,25.484848484848484,0.5473484848484849,1.9393939393939394,0.24242424242424243,0.6060606060606061,0.36363636363636365,0.12121212121212122,0.6060606060606061,0.6060606060606061,0.12121212121212122,0.12121212121212122
#le-capitaine,0.08116883116883118,0.7681818181818183,0.7272727272727273,0.5473484848484849,25.484848484848484,0.0018939393939393905,0.24242424242424243,0.25606060606060604,7.363636363636362,6.371212121212121,0.6060606060606061,0.25606060606060604,6.371212121212121,6.371212121212121
#andres,0.06574675324675328,0.010227272727272708,0.0028409090909090854,1.9393939393939394,0.0018939393939393905,8.757575757575758,0.0009469696969696953,0.13674242424242422,0.14204545454545456,0.5473484848484849,0.8367424242424244,0.8367424242424244,0.48484848484848486,0.48484848484848486
#l-egyptien,0.05844155844155843,0.009090909090909097,7.363636363636362,0.24242424242424243,0.24242424242424243,0.0009469696969696953,29.12121212121212,0.30303030303030304,0.18181818181818182,0.06060606060606061,0.30303030303030304,0.30303030303030304,0.06060606060606061,0.06060606060606061
#hipolite,0.43896103896103883,0.7127272727272725,0.9090909090909092,0.6060606060606061,0.25606060606060604,0.13674242424242422,0.30303030303030304,23.757575757575754,5.254545454545454,4.751515151515152,0.7575757575757576,0.7575757575757576,0.15151515151515152,0.15151515151515152
#le-prevot,0.43290043290043295,0.09696969696969691,0.5454545454545454,0.36363636363636365,7.363636363636362,0.14204545454545456,0.18181818181818182,5.254545454545454,27.272727272727277,9.09090909090909,0.4545454545454546,0.6545454545454544,9.09090909090909,9.09090909090909
#un-archer,0.2077922077922078,0.6545454545454544,0.18181818181818182,0.12121212121212122,6.371212121212121,0.5473484848484849,0.06060606060606061,4.751515151515152,9.09090909090909,31.03030303030303,0.15151515151515152,0.15151515151515152,0.030303030303030304,0.030303030303030304
#isabelle,0.21038961038961046,0.2327272727272729,0.9090909090909092,0.6060606060606061,0.6060606060606061,0.8367424242424244,0.30303030303030304,0.7575757575757576,0.4545454545454546,0.15151515151515152,23.757575757575754,13.877575757575755,0.15151515151515152,0.15151515151515152
#ferdinand,0.01038961038961037,0.03272727272727267,0.9090909090909092,0.6060606060606061,0.25606060606060604,0.8367424242424244,0.30303030303030304,0.7575757575757576,0.6545454545454544,0.15151515151515152,13.877575757575755,23.757575757575754,4.751515151515152,4.751515151515152
#un-de-la-troupe,0.6363636363636364,0.45454545454545453,0.18181818181818182,0.12121212121212122,6.371212121212121,0.48484848484848486,0.06060606060606061,0.15151515151515152,9.09090909090909,0.030303030303030304,0.15151515151515152,4.751515151515152,31.03030303030303,31.03030303030303
#un-de-la-troupe,0.6363636363636364,0.45454545454545453,0.18181818181818182,0.12121212121212122,6.371212121212121,0.48484848484848486,0.06060606060606061,0.15151515151515152,9.09090909090909,0.030303030303030304,0.15151515151515152,4.751515151515152,31.03030303030303,31.03030303030303
Successions,#precieuse,#la-vieille,#le-poete,#don-jean,#le-capitaine,#andres,#l-egyptien,#hipolite,#le-prevot,#un-archer,#isabelle,#ferdinand,#un-de-la-troupe,#le-senechal
#precieuse,0.011764705882352941,0.27058823529411763,0.07058823529411765,0.07058823529411765,0.023529411764705882,0.36470588235294116,0.0,0.023529411764705882,0.0058823529411764705,0.0058823529411764705,0.09411764705882353,0.058823529411764705,0.0,0.0
#la-vieille,0.4634146341463415,0.0,0.07317073170731707,0.13414634146341464,0.024390243902439025,0.08536585365853659,0.0,0.0,0.024390243902439025,0.0,0.17073170731707318,0.024390243902439025,0.0,0.0
#le-poete,0.3181818181818182,0.09090909090909091,0.0,0.0,0.0,0.4318181818181818,0.1590909090909091,0.0,0.0,0.0,0.0,0.0,0.0,0.0
#don-jean,0.5454545454545454,0.21212121212121213,0.0,0.0,0.24242424242424243,0.0,0.0,0.0,0.0,0.0,0.0,0.0,0.0,0.0
#le-capitaine,0.10526315789473684,0.10526315789473684,0.0,0.5263157894736842,0.05263157894736842,0.05263157894736842,0.0,0.05263157894736842,0.0,0.0,0.0,0.10526315789473684,0.0,0.0
#andres,0.49242424242424243,0.030303030303030304,0.14393939393939395,0.0,0.007575757575757576,0.03787878787878788,0.007575757575757576,0.17424242424242425,0.030303030303030304,0.0,0.022727272727272728,0.05303030303030303,0.0,0.0
#l-egyptien,0.125,0.0,0.875,0.0,0.0,0.0,0.0,0.0,0.0,0.0,0.0,0.0,0.0,0.0
#hipolite,0.1111111111111111,0.027777777777777776,0.0,0.0,0.0,0.6666666666666666,0.0,0.0,0.19444444444444445,0.0,0.0,0.0,0.0,0.0
#le-prevot,0.125,0.125,0.0,0.0,0.0625,0.125,0.0,0.5,0.0,0.0,0.0,0.0625,0.0,0.0
#un-archer,0.0,0.0,0.0,0.0,0.0,1.0,0.0,0.0,0.0,0.0,0.0,0.0,0.0,0.0
#isabelle,0.34782608695652173,0.30434782608695654,0.0,0.0,0.0,0.043478260869565216,0.0,0.0,0.021739130434782608,0.0,0.021739130434782608,0.2608695652173913,0.0,0.0
#ferdinand,0.2647058823529412,0.058823529411764705,0.0,0.0,0.029411764705882353,0.2647058823529412,0.0,0.0,0.029411764705882353,0.0,0.35294117647058826,0.0,0.0,0.0
#un-de-la-troupe,0.0,0.0,0.0,0.0,1.0,0.0,0.0,0.0,0.0,0.0,0.0,0.0,0.0,0.0
#le-senechal,0.0,0.0,0.0,0.0,0.0,0.0,0.0,0.0,0.0,0.0,0.0,0.0,1.0,0.0
