VALEUR,#un-depute,#membre-du-comite,#le-president,#un-membre,#autre-membre,#danton,#robespierre,#barrere,#le-predident,#un-membre-du-comite,#le-ministre,#le-jacobin,#la-reine,#madame-royale,#le-roi,#madame-elisabeth,#le-maire,#simon,#un-garde,#un-garde-du-maire,#un-autre-membre-du-comite,#un-autre-membre,#l-accusateur,#le-garde,#la-suivante,#santerre,#le-geolier,#un-des-gardes,#l-envoye-de-santerre,#l-inconnu,#le-commandant,#le-sans-culotte,#tronson,#second-membre-du-comite-,#l-autre-membre,#le-constitutionnel,#le-royaliste,#un-second-royaliste,#le-vieillard,#premier-royaliste
Fréquences (scènes),0.018867924528301886,0.05660377358490566,0.1509433962264151,0.07547169811320754,0.018867924528301886,0.07547169811320754,0.32075471698113206,0.2830188679245283,0.018867924528301886,0.05660377358490566,0.018867924528301886,0.018867924528301886,0.37735849056603776,0.03773584905660377,0.05660377358490566,0.24528301886792453,0.16981132075471697,0.03773584905660377,0.03773584905660377,0.018867924528301886,0.018867924528301886,0.018867924528301886,0.018867924528301886,0.018867924528301886,0.018867924528301886,0.03773584905660377,0.11320754716981132,0.018867924528301886,0.018867924528301886,0.018867924528301886,0.018867924528301886,0.018867924528301886,0.03773584905660377,0.018867924528301886,0.018867924528301886,0.03773584905660377,0.03773584905660377,0.018867924528301886,0.018867924528301886,0.018867924528301886
Fréquences(répliques),0.007131940906775344,0.011207335710646969,0.049414161996943456,0.01935812531839022,0.0010188487009679063,0.015282730514518594,0.13550687722873153,0.12684666327050434,0.0015282730514518594,0.012226184411614875,0.018339276617422313,0.004584819154355578,0.2475802343352012,0.003565970453387672,0.006622516556291391,0.0738665308201732,0.0718288334182374,0.0163015792154865,0.0010188487009679063,0.0010188487009679063,0.0005094243504839531,0.0020376974019358125,0.003056546102903719,0.0005094243504839531,0.0005094243504839531,0.01935812531839022,0.03616912888436067,0.0010188487009679063,0.0020376974019358125,0.0020376974019358125,0.0005094243504839531,0.007131940906775344,0.020886398369842078,0.010188487009679063,0.0020376974019358125,0.018339276617422313,0.035150280183392765,0.012226184411614875,0.0005094243504839531,0.0015282730514518594
Confrontation,0.005494505494505495,0.02197802197802198,0.07967032967032966,0.03296703296703297,0.008241758241758242,0.04945054945054945,0.0989010989010989,0.09615384615384616,0.016483516483516484,0.046703296703296704,0.008241758241758242,0.0027472527472527475,0.11813186813186813,0.013736263736263736,0.027472527472527472,0.08241758241758242,0.06593406593406594,0.019230769230769232,0.02197802197802198,0.008241758241758242,0.02197802197802198,0.02197802197802198,0.0027472527472527475,0.0027472527472527475,0.008241758241758242,0.005494505494505495,0.01098901098901099,0.0027472527472527475,0.005494505494505495,0.0027472527472527475,0.005494505494505495,0.005494505494505495,0.0027472527472527475,0.008241758241758242,0.008241758241758242,0.013736263736263736,0.013736263736263736,0.01098901098901099,0.01098901098901099,0.01098901098901099
Déviations,#un-depute,#membre-du-comite,#le-president,#un-membre,#autre-membre,#danton,#robespierre,#barrere,#le-predident,#un-membre-du-comite,#le-ministre,#le-jacobin,#la-reine,#madame-royale,#le-roi,#madame-elisabeth,#le-maire,#simon,#un-garde,#un-garde-du-maire,#un-autre-membre-du-comite,#un-autre-membre,#l-accusateur,#le-garde,#la-suivante,#santerre,#le-geolier,#un-des-gardes,#l-envoye-de-santerre,#l-inconnu,#le-commandant,#le-sans-culotte,#tronson,#second-membre-du-comite-,#l-autre-membre,#le-constitutionnel,#le-royaliste,#un-second-royaliste,#le-vieillard,#premier-royaliste
#un-depute,51.0188679245283,15.723270440251572,4.775943396226416,0.07547169811320754,0.018867924528301886,0.07547169811320754,0.32075471698113206,0.2830188679245283,0.018867924528301886,0.05660377358490566,0.018867924528301886,0.018867924528301886,0.3773584905660377,0.03773584905660377,0.05660377358490566,0.24528301886792453,0.16981132075471697,0.03773584905660377,0.03773584905660377,0.018867924528301886,0.018867924528301886,0.018867924528301886,0.018867924528301886,0.018867924528301886,0.018867924528301886,0.03773584905660377,0.11320754716981132,0.018867924528301886,0.018867924528301886,0.018867924528301886,0.018867924528301886,0.018867924528301886,0.03773584905660377,0.018867924528301886,0.018867924528301886,0.03773584905660377,0.03773584905660377,0.018867924528301886,0.018867924528301886,0.018867924528301886
#membre-du-comite,15.723270440251572,47.169811320754704,5.28616352201258,2.64308176100629,15.723270440251572,0.22641509433962265,0.9622641509433962,0.8490566037735849,0.05660377358490566,0.169811320754717,0.05660377358490566,0.05660377358490566,0.015408805031446584,0.11320754716981132,0.169811320754717,0.7358490566037736,0.5094339622641509,0.11320754716981132,0.11320754716981132,0.05660377358490566,0.05660377358490566,0.05660377358490566,0.05660377358490566,0.05660377358490566,0.05660377358490566,0.11320754716981132,0.339622641509434,0.05660377358490566,0.05660377358490566,0.05660377358490566,0.05660377358490566,0.05660377358490566,0.11320754716981132,15.723270440251572,15.723270440251572,0.11320754716981132,0.11320754716981132,0.05660377358490566,0.05660377358490566,0.05660377358490566
#le-president,4.775943396226416,5.28616352201258,38.20754716981133,9.510023584905662,4.775943396226416,9.510023584905662,0.12486126526082127,3.3058176100628933,4.775943396226416,14.327830188679247,4.775943396226416,0.1509433962264151,0.343867924528302,0.3018867924528302,0.4528301886792453,0.0007256894049346876,0.09460167714884693,0.3018867924528302,0.3018867924528302,0.1509433962264151,4.775943396226416,4.775943396226416,0.1509433962264151,0.1509433962264151,0.1509433962264151,0.3018867924528302,0.9056603773584906,0.1509433962264151,0.1509433962264151,0.1509433962264151,0.1509433962264151,0.1509433962264151,0.3018867924528302,0.1509433962264151,0.1509433962264151,0.3018867924528302,0.3018867924528302,0.1509433962264151,0.1509433962264151,0.1509433962264151
#un-membre,0.07547169811320754,2.64308176100629,9.510023584905662,45.301886792452834,11.325471698113208,9.551886792452832,0.40066592674805784,0.015408805031446534,11.325471698113208,2.64308176100629,0.07547169811320754,0.07547169811320754,1.5094339622641508,0.1509433962264151,0.22641509433962265,0.9811320754716981,0.6792452830188679,0.1509433962264151,0.1509433962264151,0.07547169811320754,0.07547169811320754,0.07547169811320754,0.07547169811320754,0.07547169811320754,0.07547169811320754,0.1509433962264151,0.4528301886792453,0.07547169811320754,0.07547169811320754,0.07547169811320754,0.07547169811320754,0.07547169811320754,0.1509433962264151,0.07547169811320754,0.07547169811320754,0.1509433962264151,0.1509433962264151,0.07547169811320754,0.07547169811320754,0.07547169811320754
#autre-membre,0.018867924528301886,15.723270440251572,4.775943396226416,11.325471698113208,51.0188679245283,0.07547169811320754,0.32075471698113206,0.2830188679245283,0.018867924528301886,0.05660377358490566,0.018867924528301886,0.018867924528301886,0.3773584905660377,0.03773584905660377,0.05660377358490566,0.24528301886792453,0.16981132075471697,0.03773584905660377,0.03773584905660377,0.018867924528301886,0.018867924528301886,0.018867924528301886,0.018867924528301886,0.018867924528301886,0.018867924528301886,0.03773584905660377,0.11320754716981132,0.018867924528301886,0.018867924528301886,0.018867924528301886,0.018867924528301886,0.018867924528301886,0.03773584905660377,0.018867924528301886,0.018867924528301886,0.03773584905660377,0.03773584905660377,0.018867924528301886,0.018867924528301886,0.018867924528301886
#danton,0.07547169811320754,0.22641509433962265,9.510023584905662,9.551886792452832,0.07547169811320754,45.301886792452834,0.40066592674805784,3.082075471698113,11.325471698113208,13.89308176100629,0.07547169811320754,0.07547169811320754,0.171933962264151,0.1509433962264151,0.22641509433962265,0.0003628447024673438,0.6792452830188679,4.775943396226416,0.1509433962264151,0.07547169811320754,11.325471698113208,11.325471698113208,0.07547169811320754,0.07547169811320754,0.07547169811320754,0.1509433962264151,0.4528301886792453,0.07547169811320754,0.07547169811320754,0.07547169811320754,0.07547169811320754,0.07547169811320754,0.1509433962264151,0.07547169811320754,0.07547169811320754,0.1509433962264151,0.1509433962264151,0.07547169811320754,0.07547169811320754,0.07547169811320754
#robespierre,0.32075471698113206,0.9622641509433962,0.12486126526082127,0.40066592674805784,0.32075471698113206,0.40066592674805784,24.452830188679247,2.1132815390307074,1.4384017758046619,1.1191268960414356,0.32075471698113206,0.32075471698113206,0.9092119866814653,0.6415094339622641,0.0014798372179060297,1.1290873388542648,0.27241336786286846,0.20033296337402892,0.20033296337402892,0.32075471698113206,1.4384017758046619,1.4384017758046619,1.4384017758046619,1.4384017758046619,0.32075471698113206,0.20033296337402892,0.44413614502404736,0.32075471698113206,1.4384017758046619,0.32075471698113206,0.32075471698113206,1.4384017758046619,0.6415094339622641,0.32075471698113206,0.32075471698113206,0.6415094339622641,0.6415094339622641,0.32075471698113206,0.32075471698113206,0.32075471698113206
#barrere,0.2830188679245283,0.8490566037735849,3.3058176100628933,0.015408805031446534,0.2830188679245283,3.082075471698113,2.1132815390307074,27.24528301886792,1.8163522012578621,5.449056603773585,1.8163522012578621,1.8163522012578621,1.2503773584905664,0.5660377358490566,0.8490566037735849,0.766424770198355,0.939762403913347,0.3327044025157233,0.5660377358490566,0.2830188679245283,1.8163522012578621,1.8163522012578621,0.2830188679245283,0.2830188679245283,0.2830188679245283,0.5660377358490566,1.6981132075471699,1.8163522012578621,1.8163522012578621,0.2830188679245283,0.2830188679245283,1.8163522012578621,0.5660377358490566,0.2830188679245283,0.2830188679245283,0.5660377358490566,0.5660377358490566,0.2830188679245283,0.2830188679245283,0.2830188679245283
#le-predident,0.018867924528301886,0.05660377358490566,4.775943396226416,11.325471698113208,0.018867924528301886,11.325471698113208,1.4384017758046619,1.8163522012578621,51.0188679245283,15.723270440251572,0.018867924528301886,0.018867924528301886,0.3773584905660377,0.03773584905660377,0.05660377358490566,0.24528301886792453,0.16981132075471697,0.03773584905660377,0.03773584905660377,0.018867924528301886,0.018867924528301886,0.018867924528301886,0.018867924528301886,0.018867924528301886,0.018867924528301886,0.03773584905660377,0.11320754716981132,0.018867924528301886,0.018867924528301886,0.018867924528301886,0.018867924528301886,0.018867924528301886,0.03773584905660377,0.018867924528301886,0.018867924528301886,0.03773584905660377,0.03773584905660377,0.018867924528301886,0.018867924528301886,0.018867924528301886
#un-membre-du-comite,0.05660377358490566,0.169811320754717,14.327830188679247,2.64308176100629,0.05660377358490566,13.89308176100629,1.1191268960414356,5.449056603773585,15.723270440251572,47.169811320754704,15.723270440251572,0.05660377358490566,0.015408805031446584,0.11320754716981132,0.169811320754717,0.09482341557813251,0.5094339622641509,0.11320754716981132,0.11320754716981132,0.05660377358490566,15.723270440251572,15.723270440251572,0.05660377358490566,0.05660377358490566,0.05660377358490566,0.11320754716981132,0.339622641509434,0.05660377358490566,0.05660377358490566,0.05660377358490566,0.05660377358490566,0.05660377358490566,0.11320754716981132,0.05660377358490566,0.05660377358490566,0.11320754716981132,0.11320754716981132,0.05660377358490566,0.05660377358490566,0.05660377358490566
#le-ministre,0.018867924528301886,0.05660377358490566,4.775943396226416,0.07547169811320754,0.018867924528301886,0.07547169811320754,0.32075471698113206,1.8163522012578621,0.018867924528301886,15.723270440251572,51.0188679245283,0.018867924528301886,0.3773584905660377,0.03773584905660377,0.05660377358490566,0.24528301886792453,0.16981132075471697,0.03773584905660377,0.03773584905660377,0.018867924528301886,0.018867924528301886,0.018867924528301886,0.018867924528301886,0.018867924528301886,0.018867924528301886,0.03773584905660377,0.11320754716981132,0.018867924528301886,0.018867924528301886,0.018867924528301886,0.018867924528301886,0.018867924528301886,0.03773584905660377,0.018867924528301886,0.018867924528301886,0.03773584905660377,0.03773584905660377,0.018867924528301886,0.018867924528301886,0.018867924528301886
#le-jacobin,0.018867924528301886,0.05660377358490566,0.1509433962264151,0.07547169811320754,0.018867924528301886,0.07547169811320754,0.32075471698113206,1.8163522012578621,0.018867924528301886,0.05660377358490566,0.018867924528301886,51.0188679245283,0.3773584905660377,0.03773584905660377,0.05660377358490566,0.24528301886792453,0.16981132075471697,0.03773584905660377,0.03773584905660377,0.018867924528301886,0.018867924528301886,0.018867924528301886,0.018867924528301886,0.018867924528301886,0.018867924528301886,0.03773584905660377,0.11320754716981132,0.018867924528301886,0.018867924528301886,0.018867924528301886,0.018867924528301886,0.018867924528301886,0.03773584905660377,0.018867924528301886,0.018867924528301886,0.03773584905660377,0.03773584905660377,0.018867924528301886,0.018867924528301886,0.018867924528301886
#la-reine,0.3773584905660377,0.015408805031446534,0.3438679245283018,1.5094339622641508,0.3773584905660377,0.1719339622641509,0.9092119866814647,1.2503773584905657,0.3773584905660377,0.015408805031446534,0.3773584905660377,0.3773584905660377,20.547169811320753,0.07971698113207551,3.082075471698113,3.4171988388969528,1.99622641509434,0.07971698113207551,0.07971698113207551,1.027358490566038,1.027358490566038,1.027358490566038,0.3773584905660377,0.3773584905660377,1.027358490566038,0.07971698113207551,0.705817610062893,0.3773584905660377,0.3773584905660377,0.3773584905660377,1.027358490566038,0.3773584905660377,0.07971698113207551,1.027358490566038,1.027358490566038,0.7547169811320754,0.7547169811320754,0.3773584905660377,0.3773584905660377,0.3773584905660377
#madame-royale,0.03773584905660377,0.11320754716981132,0.3018867924528302,0.1509433962264151,0.03773584905660377,0.1509433962264151,0.6415094339622641,0.5660377358490566,0.03773584905660377,0.11320754716981132,0.03773584905660377,0.03773584905660377,0.07971698113207543,49.075471698113205,6.946540880503145,0.5290275761973875,1.2840670859538788,0.07547169811320754,11.325471698113208,0.03773584905660377,0.03773584905660377,0.03773584905660377,0.03773584905660377,0.03773584905660377,0.03773584905660377,0.07547169811320754,0.22641509433962265,0.03773584905660377,0.03773584905660377,0.03773584905660377,0.03773584905660377,0.03773584905660377,0.07547169811320754,0.03773584905660377,0.03773584905660377,0.07547169811320754,0.07547169811320754,0.03773584905660377,0.03773584905660377,0.03773584905660377
#le-roi,0.05660377358490566,0.169811320754717,0.4528301886792453,0.22641509433962265,0.05660377358490566,0.22641509433962265,0.0014798372179060297,0.8490566037735849,0.05660377358490566,0.169811320754717,0.05660377358490566,0.05660377358490566,3.082075471698112,6.946540880503145,47.169811320754704,0.09482341557813251,0.4723969252271139,6.946540880503145,6.946540880503145,15.723270440251572,0.05660377358490566,0.05660377358490566,0.05660377358490566,0.05660377358490566,0.05660377358490566,0.11320754716981132,0.339622641509434,0.05660377358490566,0.05660377358490566,0.05660377358490566,0.05660377358490566,0.05660377358490566,0.11320754716981132,0.05660377358490566,0.05660377358490566,0.11320754716981132,0.11320754716981132,0.05660377358490566,0.05660377358490566,0.05660377358490566
#madame-elisabeth,0.24528301886792453,0.7358490566037736,0.0007256894049346876,0.9811320754716981,0.24528301886792453,0.0003628447024673438,1.1290873388542648,0.766424770198355,0.24528301886792453,0.09482341557813251,0.24528301886792453,0.24528301886792453,3.4171988388969505,0.5290275761973875,0.09482341557813251,30.18867924528302,6.515239477503631,0.49056603773584906,0.5290275761973875,2.3222060957910013,2.3222060957910013,2.3222060957910013,0.24528301886792453,0.24528301886792453,2.3222060957910013,0.49056603773584906,1.4716981132075473,0.24528301886792453,0.24528301886792453,0.24528301886792453,0.24528301886792453,0.24528301886792453,0.49056603773584906,0.24528301886792453,0.24528301886792453,0.49056603773584906,0.49056603773584906,0.24528301886792453,0.24528301886792453,0.24528301886792453
#le-maire,0.16981132075471697,0.5094339622641509,0.09460167714884693,0.6792452830188679,0.16981132075471697,0.6792452830188679,0.27241336786286846,0.9397624039133475,0.16981132075471697,0.5094339622641509,0.16981132075471697,0.16981132075471697,1.9962264150943394,1.2840670859538788,0.4723969252271139,6.515239477503628,36.528301886792455,1.2840670859538788,8.117400419287213,0.16981132075471697,0.16981132075471697,0.16981132075471697,0.16981132075471697,0.16981132075471697,4.0587002096436064,0.33962264150943394,0.00034940600978336815,0.16981132075471697,0.16981132075471697,0.16981132075471697,4.0587002096436064,0.16981132075471697,0.33962264150943394,0.16981132075471697,0.16981132075471697,0.33962264150943394,0.33962264150943394,0.16981132075471697,0.16981132075471697,0.16981132075471697
#simon,0.03773584905660377,0.11320754716981132,0.3018867924528302,0.1509433962264151,0.03773584905660377,4.775943396226416,0.20033296337402892,0.3327044025157233,0.03773584905660377,0.11320754716981132,0.03773584905660377,0.03773584905660377,0.07971698113207543,0.07547169811320754,6.946540880503145,0.49056603773584906,1.2840670859538788,49.075471698113205,11.325471698113208,0.03773584905660377,0.03773584905660377,0.03773584905660377,0.03773584905660377,0.03773584905660377,0.03773584905660377,0.07547169811320754,0.22641509433962265,0.03773584905660377,0.03773584905660377,0.03773584905660377,0.03773584905660377,0.03773584905660377,0.07547169811320754,0.03773584905660377,0.03773584905660377,0.07547169811320754,0.07547169811320754,0.03773584905660377,0.03773584905660377,0.03773584905660377
#un-garde,0.03773584905660377,0.11320754716981132,0.3018867924528302,0.1509433962264151,0.03773584905660377,0.1509433962264151,0.20033296337402892,0.5660377358490566,0.03773584905660377,0.11320754716981132,0.03773584905660377,0.03773584905660377,0.07971698113207543,11.325471698113208,6.946540880503145,0.5290275761973875,8.117400419287213,11.325471698113208,49.075471698113205,0.03773584905660377,0.03773584905660377,0.03773584905660377,0.03773584905660377,0.03773584905660377,0.03773584905660377,0.07547169811320754,0.22641509433962265,0.03773584905660377,0.03773584905660377,0.03773584905660377,0.03773584905660377,0.03773584905660377,0.07547169811320754,0.03773584905660377,0.03773584905660377,0.07547169811320754,0.07547169811320754,0.03773584905660377,0.03773584905660377,0.03773584905660377
#un-garde-du-maire,0.018867924528301886,0.05660377358490566,0.1509433962264151,0.07547169811320754,0.018867924528301886,0.07547169811320754,0.32075471698113206,0.2830188679245283,0.018867924528301886,0.05660377358490566,0.018867924528301886,0.018867924528301886,1.0273584905660376,0.03773584905660377,15.723270440251572,2.3222060957910013,0.16981132075471697,0.03773584905660377,0.03773584905660377,51.0188679245283,0.018867924528301886,0.018867924528301886,0.018867924528301886,0.018867924528301886,0.018867924528301886,0.03773584905660377,0.11320754716981132,0.018867924528301886,0.018867924528301886,0.018867924528301886,0.018867924528301886,0.018867924528301886,0.03773584905660377,0.018867924528301886,0.018867924528301886,0.03773584905660377,0.03773584905660377,0.018867924528301886,0.018867924528301886,0.018867924528301886
#un-autre-membre-du-comite,0.018867924528301886,0.05660377358490566,4.775943396226416,0.07547169811320754,0.018867924528301886,11.325471698113208,1.4384017758046619,1.8163522012578621,0.018867924528301886,15.723270440251572,0.018867924528301886,0.018867924528301886,1.0273584905660376,0.03773584905660377,0.05660377358490566,2.3222060957910013,0.16981132075471697,0.03773584905660377,0.03773584905660377,0.018867924528301886,51.0188679245283,51.0188679245283,0.018867924528301886,0.018867924528301886,0.018867924528301886,0.03773584905660377,0.11320754716981132,0.018867924528301886,0.018867924528301886,0.018867924528301886,0.018867924528301886,0.018867924528301886,0.03773584905660377,0.018867924528301886,0.018867924528301886,0.03773584905660377,0.03773584905660377,0.018867924528301886,0.018867924528301886,0.018867924528301886
#un-autre-membre-du-comite,0.018867924528301886,0.05660377358490566,4.775943396226416,0.07547169811320754,0.018867924528301886,11.325471698113208,1.4384017758046619,1.8163522012578621,0.018867924528301886,15.723270440251572,0.018867924528301886,0.018867924528301886,1.0273584905660376,0.03773584905660377,0.05660377358490566,2.3222060957910013,0.16981132075471697,0.03773584905660377,0.03773584905660377,0.018867924528301886,51.0188679245283,51.0188679245283,0.018867924528301886,0.018867924528301886,0.018867924528301886,0.03773584905660377,0.11320754716981132,0.018867924528301886,0.018867924528301886,0.018867924528301886,0.018867924528301886,0.018867924528301886,0.03773584905660377,0.018867924528301886,0.018867924528301886,0.03773584905660377,0.03773584905660377,0.018867924528301886,0.018867924528301886,0.018867924528301886
#l-accusateur,0.018867924528301886,0.05660377358490566,0.1509433962264151,0.07547169811320754,0.018867924528301886,0.07547169811320754,1.4384017758046619,0.2830188679245283,0.018867924528301886,0.05660377358490566,0.018867924528301886,0.018867924528301886,0.3773584905660377,0.03773584905660377,0.05660377358490566,0.24528301886792453,0.16981132075471697,0.03773584905660377,0.03773584905660377,0.018867924528301886,0.018867924528301886,0.018867924528301886,51.0188679245283,0.018867924528301886,0.018867924528301886,0.03773584905660377,0.11320754716981132,0.018867924528301886,0.018867924528301886,0.018867924528301886,0.018867924528301886,0.018867924528301886,0.03773584905660377,0.018867924528301886,0.018867924528301886,0.03773584905660377,0.03773584905660377,0.018867924528301886,0.018867924528301886,0.018867924528301886
#le-garde,0.018867924528301886,0.05660377358490566,0.1509433962264151,0.07547169811320754,0.018867924528301886,0.07547169811320754,1.4384017758046619,0.2830188679245283,0.018867924528301886,0.05660377358490566,0.018867924528301886,0.018867924528301886,0.3773584905660377,0.03773584905660377,0.05660377358490566,0.24528301886792453,0.16981132075471697,0.03773584905660377,0.03773584905660377,0.018867924528301886,0.018867924528301886,0.018867924528301886,0.018867924528301886,51.0188679245283,0.018867924528301886,0.03773584905660377,0.11320754716981132,0.018867924528301886,0.018867924528301886,0.018867924528301886,0.018867924528301886,0.018867924528301886,0.03773584905660377,0.018867924528301886,0.018867924528301886,0.03773584905660377,0.03773584905660377,0.018867924528301886,0.018867924528301886,0.018867924528301886
#la-suivante,0.018867924528301886,0.05660377358490566,0.1509433962264151,0.07547169811320754,0.018867924528301886,0.07547169811320754,0.32075471698113206,0.2830188679245283,0.018867924528301886,0.05660377358490566,0.018867924528301886,0.018867924528301886,1.0273584905660376,0.03773584905660377,0.05660377358490566,2.3222060957910013,4.0587002096436064,0.03773584905660377,0.03773584905660377,0.018867924528301886,0.018867924528301886,0.018867924528301886,0.018867924528301886,0.018867924528301886,51.0188679245283,0.03773584905660377,0.11320754716981132,0.018867924528301886,0.018867924528301886,0.018867924528301886,0.018867924528301886,0.018867924528301886,0.03773584905660377,0.018867924528301886,0.018867924528301886,0.03773584905660377,0.03773584905660377,0.018867924528301886,0.018867924528301886,0.018867924528301886
#santerre,0.03773584905660377,0.11320754716981132,0.3018867924528302,0.1509433962264151,0.03773584905660377,0.1509433962264151,0.20033296337402892,0.5660377358490566,0.03773584905660377,0.11320754716981132,0.03773584905660377,0.03773584905660377,0.07971698113207543,0.07547169811320754,0.11320754716981132,0.49056603773584906,0.33962264150943394,0.07547169811320754,0.07547169811320754,0.03773584905660377,0.03773584905660377,0.03773584905660377,0.03773584905660377,0.03773584905660377,0.03773584905660377,49.075471698113205,0.22641509433962265,0.03773584905660377,0.03773584905660377,0.03773584905660377,0.03773584905660377,0.03773584905660377,0.07547169811320754,0.03773584905660377,0.03773584905660377,0.07547169811320754,0.07547169811320754,0.03773584905660377,0.03773584905660377,0.03773584905660377
#le-geolier,0.11320754716981132,0.339622641509434,0.9056603773584906,0.4528301886792453,0.11320754716981132,0.4528301886792453,0.44413614502404736,1.6981132075471699,0.11320754716981132,0.339622641509434,0.11320754716981132,0.11320754716981132,0.7058176100628933,0.22641509433962265,0.339622641509434,1.4716981132075473,0.00034940600978336815,0.22641509433962265,0.22641509433962265,0.11320754716981132,0.11320754716981132,0.11320754716981132,0.11320754716981132,0.11320754716981132,0.11320754716981132,0.22641509433962265,41.679245283018865,0.11320754716981132,0.11320754716981132,6.946540880503145,0.11320754716981132,0.11320754716981132,0.22641509433962265,0.11320754716981132,0.11320754716981132,0.22641509433962265,0.22641509433962265,0.11320754716981132,0.11320754716981132,0.11320754716981132
#un-des-gardes,0.018867924528301886,0.05660377358490566,0.1509433962264151,0.07547169811320754,0.018867924528301886,0.07547169811320754,0.32075471698113206,1.8163522012578621,0.018867924528301886,0.05660377358490566,0.018867924528301886,0.018867924528301886,0.3773584905660377,0.03773584905660377,0.05660377358490566,0.24528301886792453,0.16981132075471697,0.03773584905660377,0.03773584905660377,0.018867924528301886,0.018867924528301886,0.018867924528301886,0.018867924528301886,0.018867924528301886,0.018867924528301886,0.03773584905660377,0.11320754716981132,51.0188679245283,0.018867924528301886,0.018867924528301886,0.018867924528301886,0.018867924528301886,0.03773584905660377,0.018867924528301886,0.018867924528301886,0.03773584905660377,0.03773584905660377,0.018867924528301886,0.018867924528301886,0.018867924528301886
#l-envoye-de-santerre,0.018867924528301886,0.05660377358490566,0.1509433962264151,0.07547169811320754,0.018867924528301886,0.07547169811320754,1.4384017758046619,1.8163522012578621,0.018867924528301886,0.05660377358490566,0.018867924528301886,0.018867924528301886,0.3773584905660377,0.03773584905660377,0.05660377358490566,0.24528301886792453,0.16981132075471697,0.03773584905660377,0.03773584905660377,0.018867924528301886,0.018867924528301886,0.018867924528301886,0.018867924528301886,0.018867924528301886,0.018867924528301886,0.03773584905660377,0.11320754716981132,0.018867924528301886,51.0188679245283,0.018867924528301886,0.018867924528301886,0.018867924528301886,0.03773584905660377,0.018867924528301886,0.018867924528301886,0.03773584905660377,0.03773584905660377,0.018867924528301886,0.018867924528301886,0.018867924528301886
#l-inconnu,0.018867924528301886,0.05660377358490566,0.1509433962264151,0.07547169811320754,0.018867924528301886,0.07547169811320754,0.32075471698113206,0.2830188679245283,0.018867924528301886,0.05660377358490566,0.018867924528301886,0.018867924528301886,0.3773584905660377,0.03773584905660377,0.05660377358490566,0.24528301886792453,0.16981132075471697,0.03773584905660377,0.03773584905660377,0.018867924528301886,0.018867924528301886,0.018867924528301886,0.018867924528301886,0.018867924528301886,0.018867924528301886,0.03773584905660377,6.946540880503145,0.018867924528301886,0.018867924528301886,51.0188679245283,0.018867924528301886,0.018867924528301886,0.03773584905660377,0.018867924528301886,0.018867924528301886,0.03773584905660377,0.03773584905660377,0.018867924528301886,0.018867924528301886,0.018867924528301886
#le-commandant,0.018867924528301886,0.05660377358490566,0.1509433962264151,0.07547169811320754,0.018867924528301886,0.07547169811320754,0.32075471698113206,0.2830188679245283,0.018867924528301886,0.05660377358490566,0.018867924528301886,0.018867924528301886,1.0273584905660376,0.03773584905660377,0.05660377358490566,0.24528301886792453,4.0587002096436064,0.03773584905660377,0.03773584905660377,0.018867924528301886,0.018867924528301886,0.018867924528301886,0.018867924528301886,0.018867924528301886,0.018867924528301886,0.03773584905660377,0.11320754716981132,0.018867924528301886,0.018867924528301886,0.018867924528301886,51.0188679245283,0.018867924528301886,0.03773584905660377,0.018867924528301886,0.018867924528301886,0.03773584905660377,0.03773584905660377,0.018867924528301886,0.018867924528301886,0.018867924528301886
#le-sans-culotte,0.018867924528301886,0.05660377358490566,0.1509433962264151,0.07547169811320754,0.018867924528301886,0.07547169811320754,1.4384017758046619,1.8163522012578621,0.018867924528301886,0.05660377358490566,0.018867924528301886,0.018867924528301886,0.3773584905660377,0.03773584905660377,0.05660377358490566,0.24528301886792453,0.16981132075471697,0.03773584905660377,0.03773584905660377,0.018867924528301886,0.018867924528301886,0.018867924528301886,0.018867924528301886,0.018867924528301886,0.018867924528301886,0.03773584905660377,0.11320754716981132,0.018867924528301886,0.018867924528301886,0.018867924528301886,0.018867924528301886,51.0188679245283,0.03773584905660377,0.018867924528301886,0.018867924528301886,0.03773584905660377,0.03773584905660377,0.018867924528301886,0.018867924528301886,0.018867924528301886
#tronson,0.03773584905660377,0.11320754716981132,0.3018867924528302,0.1509433962264151,0.03773584905660377,0.1509433962264151,0.6415094339622641,0.5660377358490566,0.03773584905660377,0.11320754716981132,0.03773584905660377,0.03773584905660377,0.07971698113207543,0.07547169811320754,0.11320754716981132,0.49056603773584906,0.33962264150943394,0.07547169811320754,0.07547169811320754,0.03773584905660377,0.03773584905660377,0.03773584905660377,0.03773584905660377,0.03773584905660377,0.03773584905660377,0.07547169811320754,0.22641509433962265,0.03773584905660377,0.03773584905660377,0.03773584905660377,0.03773584905660377,0.03773584905660377,49.075471698113205,0.03773584905660377,0.03773584905660377,0.07547169811320754,0.07547169811320754,0.03773584905660377,0.03773584905660377,0.03773584905660377
#second-membre-du-comite-,0.018867924528301886,15.723270440251572,0.1509433962264151,0.07547169811320754,0.018867924528301886,0.07547169811320754,0.32075471698113206,0.2830188679245283,0.018867924528301886,0.05660377358490566,0.018867924528301886,0.018867924528301886,1.0273584905660376,0.03773584905660377,0.05660377358490566,0.24528301886792453,0.16981132075471697,0.03773584905660377,0.03773584905660377,0.018867924528301886,0.018867924528301886,0.018867924528301886,0.018867924528301886,0.018867924528301886,0.018867924528301886,0.03773584905660377,0.11320754716981132,0.018867924528301886,0.018867924528301886,0.018867924528301886,0.018867924528301886,0.018867924528301886,0.03773584905660377,51.0188679245283,51.0188679245283,0.03773584905660377,0.03773584905660377,0.018867924528301886,0.018867924528301886,0.018867924528301886
#second-membre-du-comite-,0.018867924528301886,15.723270440251572,0.1509433962264151,0.07547169811320754,0.018867924528301886,0.07547169811320754,0.32075471698113206,0.2830188679245283,0.018867924528301886,0.05660377358490566,0.018867924528301886,0.018867924528301886,1.0273584905660376,0.03773584905660377,0.05660377358490566,0.24528301886792453,0.16981132075471697,0.03773584905660377,0.03773584905660377,0.018867924528301886,0.018867924528301886,0.018867924528301886,0.018867924528301886,0.018867924528301886,0.018867924528301886,0.03773584905660377,0.11320754716981132,0.018867924528301886,0.018867924528301886,0.018867924528301886,0.018867924528301886,0.018867924528301886,0.03773584905660377,51.0188679245283,51.0188679245283,0.03773584905660377,0.03773584905660377,0.018867924528301886,0.018867924528301886,0.018867924528301886
#le-constitutionnel,0.03773584905660377,0.11320754716981132,0.3018867924528302,0.1509433962264151,0.03773584905660377,0.1509433962264151,0.6415094339622641,0.5660377358490566,0.03773584905660377,0.11320754716981132,0.03773584905660377,0.03773584905660377,0.7547169811320754,0.07547169811320754,0.11320754716981132,0.49056603773584906,0.33962264150943394,0.07547169811320754,0.07547169811320754,0.03773584905660377,0.03773584905660377,0.03773584905660377,0.03773584905660377,0.03773584905660377,0.03773584905660377,0.07547169811320754,0.22641509433962265,0.03773584905660377,0.03773584905660377,0.03773584905660377,0.03773584905660377,0.03773584905660377,0.07547169811320754,0.03773584905660377,0.03773584905660377,49.075471698113205,49.075471698113205,24.537735849056602,24.537735849056602,24.537735849056602
#le-constitutionnel,0.03773584905660377,0.11320754716981132,0.3018867924528302,0.1509433962264151,0.03773584905660377,0.1509433962264151,0.6415094339622641,0.5660377358490566,0.03773584905660377,0.11320754716981132,0.03773584905660377,0.03773584905660377,0.7547169811320754,0.07547169811320754,0.11320754716981132,0.49056603773584906,0.33962264150943394,0.07547169811320754,0.07547169811320754,0.03773584905660377,0.03773584905660377,0.03773584905660377,0.03773584905660377,0.03773584905660377,0.03773584905660377,0.07547169811320754,0.22641509433962265,0.03773584905660377,0.03773584905660377,0.03773584905660377,0.03773584905660377,0.03773584905660377,0.07547169811320754,0.03773584905660377,0.03773584905660377,49.075471698113205,49.075471698113205,24.537735849056602,24.537735849056602,24.537735849056602
#un-second-royaliste,0.018867924528301886,0.05660377358490566,0.1509433962264151,0.07547169811320754,0.018867924528301886,0.07547169811320754,0.32075471698113206,0.2830188679245283,0.018867924528301886,0.05660377358490566,0.018867924528301886,0.018867924528301886,0.3773584905660377,0.03773584905660377,0.05660377358490566,0.24528301886792453,0.16981132075471697,0.03773584905660377,0.03773584905660377,0.018867924528301886,0.018867924528301886,0.018867924528301886,0.018867924528301886,0.018867924528301886,0.018867924528301886,0.03773584905660377,0.11320754716981132,0.018867924528301886,0.018867924528301886,0.018867924528301886,0.018867924528301886,0.018867924528301886,0.03773584905660377,0.018867924528301886,0.018867924528301886,24.537735849056602,24.537735849056602,51.0188679245283,51.0188679245283,51.0188679245283
#un-second-royaliste,0.018867924528301886,0.05660377358490566,0.1509433962264151,0.07547169811320754,0.018867924528301886,0.07547169811320754,0.32075471698113206,0.2830188679245283,0.018867924528301886,0.05660377358490566,0.018867924528301886,0.018867924528301886,0.3773584905660377,0.03773584905660377,0.05660377358490566,0.24528301886792453,0.16981132075471697,0.03773584905660377,0.03773584905660377,0.018867924528301886,0.018867924528301886,0.018867924528301886,0.018867924528301886,0.018867924528301886,0.018867924528301886,0.03773584905660377,0.11320754716981132,0.018867924528301886,0.018867924528301886,0.018867924528301886,0.018867924528301886,0.018867924528301886,0.03773584905660377,0.018867924528301886,0.018867924528301886,24.537735849056602,24.537735849056602,51.0188679245283,51.0188679245283,51.0188679245283
#un-second-royaliste,0.018867924528301886,0.05660377358490566,0.1509433962264151,0.07547169811320754,0.018867924528301886,0.07547169811320754,0.32075471698113206,0.2830188679245283,0.018867924528301886,0.05660377358490566,0.018867924528301886,0.018867924528301886,0.3773584905660377,0.03773584905660377,0.05660377358490566,0.24528301886792453,0.16981132075471697,0.03773584905660377,0.03773584905660377,0.018867924528301886,0.018867924528301886,0.018867924528301886,0.018867924528301886,0.018867924528301886,0.018867924528301886,0.03773584905660377,0.11320754716981132,0.018867924528301886,0.018867924528301886,0.018867924528301886,0.018867924528301886,0.018867924528301886,0.03773584905660377,0.018867924528301886,0.018867924528301886,24.537735849056602,24.537735849056602,51.0188679245283,51.0188679245283,51.0188679245283
Successions,#un-depute,#membre-du-comite,#le-president,#un-membre,#autre-membre,#danton,#robespierre,#barrere,#le-predident,#un-membre-du-comite,#le-ministre,#le-jacobin,#la-reine,#madame-royale,#le-roi,#madame-elisabeth,#le-maire,#simon,#un-garde,#un-garde-du-maire,#un-autre-membre-du-comite,#un-autre-membre,#l-accusateur,#le-garde,#la-suivante,#santerre,#le-geolier,#un-des-gardes,#l-envoye-de-santerre,#l-inconnu,#le-commandant,#le-sans-culotte,#tronson,#second-membre-du-comite-,#l-autre-membre,#le-constitutionnel,#le-royaliste,#un-second-royaliste,#le-vieillard,#premier-royaliste
#un-depute,0.0,0.0,1.0,0.0,0.0,0.0,0.0,0.0,0.0,0.0,0.0,0.0,0.0,0.0,0.0,0.0,0.0,0.0,0.0,0.0,0.0,0.0,0.0,0.0,0.0,0.0,0.0,0.0,0.0,0.0,0.0,0.0,0.0,0.0,0.0,0.0,0.0,0.0,0.0,0.0
#membre-du-comite,0.2222222222222222,0.0,0.0,0.0,0.0,0.0,0.0,0.0,0.0,0.0,0.0,0.0,0.6666666666666666,0.0,0.0,0.0,0.0,0.0,0.0,0.0,0.0,0.0,0.0,0.0,0.0,0.0,0.0,0.0,0.0,0.0,0.0,0.0,0.0,0.1111111111111111,0.0,0.0,0.0,0.0,0.0,0.0
#le-president,0.0,0.13333333333333333,0.0,0.13333333333333333,0.06666666666666667,0.06666666666666667,0.06666666666666667,0.26666666666666666,0.0,0.0,0.2,0.0,0.0,0.0,0.0,0.0,0.0,0.0,0.0,0.0,0.0,0.0,0.06666666666666667,0.0,0.0,0.0,0.0,0.0,0.0,0.0,0.0,0.0,0.0,0.0,0.0,0.0,0.0,0.0,0.0,0.0
#un-membre,0.0,0.0,0.2727272727272727,0.0,0.0,0.2727272727272727,0.36363636363636365,0.09090909090909091,0.0,0.0,0.0,0.0,0.0,0.0,0.0,0.0,0.0,0.0,0.0,0.0,0.0,0.0,0.0,0.0,0.0,0.0,0.0,0.0,0.0,0.0,0.0,0.0,0.0,0.0,0.0,0.0,0.0,0.0,0.0,0.0
#autre-membre,0.0,0.0,0.0,1.0,0.0,0.0,0.0,0.0,0.0,0.0,0.0,0.0,0.0,0.0,0.0,0.0,0.0,0.0,0.0,0.0,0.0,0.0,0.0,0.0,0.0,0.0,0.0,0.0,0.0,0.0,0.0,0.0,0.0,0.0,0.0,0.0,0.0,0.0,0.0,0.0
#danton,0.0,0.0,0.1111111111111111,0.3333333333333333,0.0,0.0,0.1111111111111111,0.0,0.0,0.0,0.0,0.0,0.0,0.0,0.0,0.0,0.0,0.3333333333333333,0.0,0.0,0.1111111111111111,0.0,0.0,0.0,0.0,0.0,0.0,0.0,0.0,0.0,0.0,0.0,0.0,0.0,0.0,0.0,0.0,0.0,0.0,0.0
#robespierre,0.0,0.0,0.04,0.08,0.0,0.0,0.06,0.22,0.0,0.0,0.0,0.0,0.1,0.0,0.02,0.04,0.0,0.0,0.0,0.02,0.0,0.0,0.08,0.02,0.0,0.1,0.14,0.0,0.02,0.0,0.0,0.06,0.0,0.0,0.0,0.0,0.0,0.0,0.0,0.0
#barrere,0.0,0.0,0.10204081632653061,0.02040816326530612,0.0,0.04081632653061224,0.2857142857142857,0.04081632653061224,0.02040816326530612,0.12244897959183673,0.08163265306122448,0.02040816326530612,0.16326530612244897,0.0,0.0,0.0,0.0,0.02040816326530612,0.0,0.0,0.0,0.04081632653061224,0.0,0.0,0.0,0.0,0.02040816326530612,0.02040816326530612,0.0,0.0,0.0,0.0,0.0,0.0,0.0,0.0,0.0,0.0,0.0,0.0
#le-predident,0.0,0.0,0.0,0.0,0.0,0.0,0.0,1.0,0.0,0.0,0.0,0.0,0.0,0.0,0.0,0.0,0.0,0.0,0.0,0.0,0.0,0.0,0.0,0.0,0.0,0.0,0.0,0.0,0.0,0.0,0.0,0.0,0.0,0.0,0.0,0.0,0.0,0.0,0.0,0.0
#un-membre-du-comite,0.0,0.0,0.1,0.0,0.0,0.0,0.0,0.8,0.0,0.0,0.0,0.0,0.0,0.0,0.0,0.1,0.0,0.0,0.0,0.0,0.0,0.0,0.0,0.0,0.0,0.0,0.0,0.0,0.0,0.0,0.0,0.0,0.0,0.0,0.0,0.0,0.0,0.0,0.0,0.0
#le-ministre,0.0,0.0,0.2857142857142857,0.0,0.0,0.0,0.0,0.5714285714285714,0.0,0.14285714285714285,0.0,0.0,0.0,0.0,0.0,0.0,0.0,0.0,0.0,0.0,0.0,0.0,0.0,0.0,0.0,0.0,0.0,0.0,0.0,0.0,0.0,0.0,0.0,0.0,0.0,0.0,0.0,0.0,0.0,0.0
#le-predident,0.0,0.0,0.0,0.0,0.0,0.0,0.0,1.0,0.0,0.0,0.0,0.0,0.0,0.0,0.0,0.0,0.0,0.0,0.0,0.0,0.0,0.0,0.0,0.0,0.0,0.0,0.0,0.0,0.0,0.0,0.0,0.0,0.0,0.0,0.0,0.0,0.0,0.0,0.0,0.0
#la-reine,0.0,0.060240963855421686,0.0,0.0,0.0,0.0,0.04819277108433735,0.13253012048192772,0.0,0.0,0.0,0.0,0.08433734939759036,0.024096385542168676,0.04819277108433735,0.0963855421686747,0.3614457831325301,0.012048192771084338,0.012048192771084338,0.0,0.0,0.0,0.0,0.0,0.0,0.012048192771084338,0.03614457831325301,0.0,0.0,0.0,0.0,0.0,0.060240963855421686,0.0,0.012048192771084338,0.0,0.0,0.0,0.0,0.0
