VALEUR,#charlemagne,#nymes,#aymon,#beatrix,#renaud,#la-roque,#bradamante,#leon,#roger,#hippalque,#la-montagne,#marphise,#charles,#aymon #beatrix,#basile,#ambassadeurs,#melisse
Fréquences (scènes),0.2916666666666667,0.041666666666666664,0.2916666666666667,0.2916666666666667,0.041666666666666664,0.041666666666666664,0.3333333333333333,0.2916666666666667,0.25,0.16666666666666666,0.041666666666666664,0.125,0.08333333333333333,0.041666666666666664,0.041666666666666664,0.08333333333333333,0.041666666666666664
Fréquences(répliques),0.10471464019851116,0.013399503722084368,0.09727047146401985,0.13945409429280398,0.05905707196029777,0.0024813895781637717,0.12307692307692308,0.12555831265508685,0.10818858560794045,0.050620347394540945,0.04962779156327544,0.03176178660049628,0.04218362282878412,0.0019851116625310174,0.009429280397022333,0.030272952853598014,0.010918114143920596
Confrontation,0.10526315789473684,0.006578947368421052,0.1513157894736842,0.14473684210526316,0.013157894736842105,0.013157894736842105,0.07894736842105263,0.13157894736842105,0.08552631578947369,0.039473684210526314,0.013157894736842105,0.08552631578947369,0.046052631578947366,0.03289473684210526,0.006578947368421052,0.046052631578947366,0.0
Déviations,#charlemagne,#nymes,#aymon,#beatrix,#renaud,#la-roque,#bradamante,#leon,#roger,#hippalque,#la-montagne,#marphise,#charles,#aymon #beatrix,#basile,#ambassadeurs,#melisse
#charlemagne,12.041666666666664,1.7202380952380956,0.0008503401360544337,0.0008503401360544337,0.29166666666666663,0.29166666666666663,0.04761904761904754,0.4498299319727888,0.03571428571428571,0.02380952380952377,0.29166666666666663,0.017857142857142856,0.5833333333333333,0.29166666666666663,0.29166666666666663,3.440476190476191,0.29166666666666663
#nymes,1.720238095238095,22.04166666666667,0.2916666666666667,0.2916666666666667,0.041666666666666664,0.041666666666666664,0.3333333333333333,0.2916666666666667,0.25,0.16666666666666666,0.041666666666666664,0.125,0.08333333333333333,0.041666666666666664,0.041666666666666664,0.08333333333333333,0.041666666666666664
#aymon,0.0008503401360544337,0.29166666666666663,12.041666666666664,7.674319727891154,1.7202380952380956,1.7202380952380956,0.7619047619047616,0.4498299319727888,0.03571428571428571,1.1666666666666665,1.7202380952380956,1.4464285714285714,3.440476190476191,1.7202380952380956,0.29166666666666663,0.2976190476190477,0.29166666666666663
#beatrix,0.0008503401360544337,0.29166666666666663,7.674319727891154,12.041666666666664,0.29166666666666663,0.29166666666666663,0.04761904761904754,0.4498299319727888,0.03571428571428571,1.1666666666666665,1.7202380952380956,1.4464285714285714,3.440476190476191,1.7202380952380956,0.29166666666666663,0.2976190476190477,0.29166666666666663
#renaud,0.2916666666666667,0.041666666666666664,1.720238095238095,0.2916666666666667,22.04166666666667,22.04166666666667,0.3333333333333333,0.2916666666666667,0.25,0.16666666666666666,0.041666666666666664,0.125,0.08333333333333333,0.041666666666666664,0.041666666666666664,0.08333333333333333,0.041666666666666664
#renaud,0.2916666666666667,0.041666666666666664,1.720238095238095,0.2916666666666667,22.04166666666667,22.04166666666667,0.3333333333333333,0.2916666666666667,0.25,0.16666666666666666,0.041666666666666664,0.125,0.08333333333333333,0.041666666666666664,0.041666666666666664,0.08333333333333333,0.041666666666666664
#bradamante,0.04761904761904766,0.3333333333333333,0.761904761904762,0.04761904761904766,0.3333333333333333,0.3333333333333333,10.66666666666667,0.761904761904762,0.5,5.333333333333335,0.3333333333333333,0.0,0.6666666666666666,0.3333333333333333,0.3333333333333333,0.6666666666666666,0.3333333333333333
#leon,0.4498299319727888,0.29166666666666663,0.4498299319727888,0.4498299319727888,0.29166666666666663,0.29166666666666663,0.7619047619047616,12.041666666666664,2.892857142857143,1.1666666666666665,0.29166666666666663,1.4464285714285714,0.2976190476190477,1.7202380952380956,1.7202380952380956,0.2976190476190477,0.29166666666666663
#roger,0.03571428571428571,0.25,0.03571428571428571,0.03571428571428571,0.25,0.25,0.5,2.892857142857143,13.5,1.0,0.25,0.08333333333333333,0.5,0.25,0.25,0.5,0.25
#hippalque,0.02380952380952383,0.16666666666666666,1.1666666666666667,1.1666666666666667,0.16666666666666666,0.16666666666666666,5.333333333333335,1.1666666666666667,1.0,16.66666666666667,0.16666666666666666,0.5,0.3333333333333333,0.16666666666666666,0.16666666666666666,0.3333333333333333,0.16666666666666666
#la-montagne,0.2916666666666667,0.041666666666666664,1.720238095238095,1.720238095238095,0.041666666666666664,0.041666666666666664,0.3333333333333333,0.2916666666666667,0.25,0.16666666666666666,22.04166666666667,0.125,0.08333333333333333,0.041666666666666664,0.041666666666666664,0.08333333333333333,0.041666666666666664
#marphise,0.017857142857142856,0.125,1.4464285714285714,1.4464285714285714,0.125,0.125,0.0,1.4464285714285714,0.08333333333333333,0.5,0.125,18.375,2.25,6.125,0.125,2.25,0.125
#charles,0.5833333333333334,0.08333333333333333,3.44047619047619,3.44047619047619,0.08333333333333333,0.08333333333333333,0.6666666666666666,0.29761904761904756,0.5,0.3333333333333333,0.08333333333333333,2.25,20.166666666666664,10.083333333333332,0.08333333333333333,0.16666666666666666,0.08333333333333333
#aymon #beatrix,0.2916666666666667,0.041666666666666664,1.720238095238095,1.720238095238095,0.041666666666666664,0.041666666666666664,0.3333333333333333,1.720238095238095,0.25,0.16666666666666666,0.041666666666666664,6.125,10.083333333333332,22.04166666666667,0.041666666666666664,0.08333333333333333,0.041666666666666664
#basile,0.2916666666666667,0.041666666666666664,0.2916666666666667,0.2916666666666667,0.041666666666666664,0.041666666666666664,0.3333333333333333,1.720238095238095,0.25,0.16666666666666666,0.041666666666666664,0.125,0.08333333333333333,0.041666666666666664,22.04166666666667,0.08333333333333333,0.041666666666666664
#ambassadeurs,3.44047619047619,0.08333333333333333,0.29761904761904756,0.29761904761904756,0.08333333333333333,0.08333333333333333,0.6666666666666666,0.29761904761904756,0.5,0.3333333333333333,0.08333333333333333,2.25,0.16666666666666666,0.08333333333333333,0.08333333333333333,20.166666666666664,0.08333333333333333
#melisse,0.2916666666666667,0.041666666666666664,0.2916666666666667,0.2916666666666667,0.041666666666666664,0.041666666666666664,0.3333333333333333,0.2916666666666667,0.25,0.16666666666666666,0.041666666666666664,0.125,0.08333333333333333,0.041666666666666664,0.041666666666666664,0.08333333333333333,22.04166666666667
Successions,#charlemagne,#nymes,#aymon,#beatrix,#renaud,#la-roque,#bradamante,#leon,#roger,#hippalque,#la-montagne,#marphise,#charles,#aymon #beatrix,#basile,#ambassadeurs,#melisse
#charlemagne,0.047619047619047616,0.3333333333333333,0.047619047619047616,0.047619047619047616,0.0,0.0,0.09523809523809523,0.23809523809523808,0.047619047619047616,0.0,0.0,0.0,0.0,0.0,0.0,0.09523809523809523,0.047619047619047616
#nymes,1.0,0.0,0.0,0.0,0.0,0.0,0.0,0.0,0.0,0.0,0.0,0.0,0.0,0.0,0.0,0.0,0.0
#aymon,0.02531645569620253,0.012658227848101266,0.0,0.2911392405063291,0.35443037974683544,0.0379746835443038,0.0,0.02531645569620253,0.012658227848101266,0.0,0.10126582278481013,0.0379746835443038,0.10126582278481013,0.0,0.0,0.0,0.0
#beatrix,0.0,0.0,0.4642857142857143,0.017857142857142856,0.0,0.0,0.42857142857142855,0.017857142857142856,0.0,0.0,0.017857142857142856,0.03571428571428571,0.017857142857142856,0.0,0.0,0.0,0.0
#renaud,0.0,0.0,0.9655172413793104,0.034482758620689655,0.0,0.0,0.0,0.0,0.0,0.0,0.0,0.0,0.0,0.0,0.0,0.0,0.0
#la-roque,0.0,0.0,0.6666666666666666,0.0,0.3333333333333333,0.0,0.0,0.0,0.0,0.0,0.0,0.0,0.0,0.0,0.0,0.0,0.0
#bradamante,0.04225352112676056,0.0,0.0,0.323943661971831,0.0,0.0,0.0,0.0,0.056338028169014086,0.39436619718309857,0.0,0.18309859154929578,0.0,0.0,0.0,0.0,0.0
#leon,0.10869565217391304,0.0,0.043478260869565216,0.043478260869565216,0.0,0.0,0.021739130434782608,0.021739130434782608,0.30434782608695654,0.0,0.0,0.06521739130434782,0.06521739130434782,0.0,0.32608695652173914,0.0,0.0
#roger,0.047619047619047616,0.0,0.09523809523809523,0.0,0.0,0.0,0.047619047619047616,0.7142857142857143,0.0,0.0,0.0,0.0,0.0,0.0,0.0,0.09523809523809523,0.0
#hippalque,0.0,0.0,0.0,0.03225806451612903,0.0,0.0,0.9354838709677419,0.0,0.0,0.0,0.0,0.03225806451612903,0.0,0.0,0.0,0.0,0.0
#la-montagne,0.0,0.0,0.8888888888888888,0.0,0.0,0.0,0.1111111111111111,0.0,0.0,0.0,0.0,0.0,0.0,0.0,0.0,0.0,0.0
#marphise,0.0,0.0,0.1111111111111111,0.07407407407407407,0.0,0.0,0.4444444444444444,0.0,0.0,0.1111111111111111,0.0,0.0,0.18518518518518517,0.07407407407407407,0.0,0.0,0.0
#charles,0.058823529411764705,0.0,0.35294117647058826,0.11764705882352941,0.0,0.0,0.0,0.23529411764705882,0.0,0.0,0.0,0.17647058823529413,0.0,0.058823529411764705,0.0,0.0,0.0
#aymon #beatrix,0.0,0.0,0.0,0.0,0.0,0.0,0.0,0.3333333333333333,0.0,0.0,0.0,0.6666666666666666,0.0,0.0,0.0,0.0,0.0
#basile,0.0,0.0,0.0,0.0,0.0,0.0,0.0,1.0,0.0,0.0,0.0,0.0,0.0,0.0,0.0,0.0,0.0
#ambassadeurs,0.25,0.0,0.25,0.0,0.0,0.0,0.0,0.25,0.25,0.0,0.0,0.0,0.0,0.0,0.0,0.0,0.0
#melisse,0.0,0.0,0.0,0.0,0.0,0.0,1.0,0.0,0.0,0.0,0.0,0.0,0.0,0.0,0.0,0.0,0.0
