VALEUR,#le-chevalier,#la-marquise,#le-peintre,#le-poete,#le-musicien,#tous,#l-epine,#la-rancune,#lisette,#frontin,#ensemble,#valere,#lucile,#platinet,#madame-argante
Fréquences (scènes),0.4074074074074074,0.37037037037037035,0.037037037037037035,0.07407407407407407,0.037037037037037035,0.037037037037037035,0.07407407407407407,0.037037037037037035,0.18518518518518517,0.14814814814814814,0.1111111111111111,0.25925925925925924,0.2962962962962963,0.07407407407407407,0.18518518518518517
Fréquences(répliques),0.0,0.0,0.0,0.0,0.008955223880597015,0.0,0.0,0.14029850746268657,0.11343283582089553,0.13432835820895522,0.05970149253731343,0.10746268656716418,0.16716417910447762,0.03880597014925373,0.2298507462686567
Confrontation,0.1792452830188679,0.1792452830188679,0.018867924528301886,0.05660377358490566,0.03773584905660377,0.03773584905660377,0.04716981132075472,0.018867924528301886,0.08490566037735849,0.04716981132075472,0.05660377358490566,0.09433962264150944,0.08490566037735849,0.018867924528301886,0.03773584905660377
Déviations,#le-chevalier,#la-marquise,#le-peintre,#le-poete,#le-musicien,#tous,#l-epine,#la-rancune,#lisette,#frontin,#ensemble,#valere,#lucile,#platinet,#madame-argante
#le-chevalier,9.481481481481485,8.619528619528623,0.8619528619528619,1.7239057239057238,0.8619528619528619,0.8619528619528619,1.7239057239057238,0.8619528619528619,0.5279461279461277,1.6296296296296295,1.222222222222222,2.8518518518518516,3.259259259259259,0.8148148148148148,2.0370370370370368
#la-marquise,8.619528619528623,10.703703703703706,1.0703703703703706,2.1407407407407413,1.0703703703703706,1.0703703703703706,2.1407407407407413,1.0703703703703706,0.39185185185185173,1.4814814814814814,1.1111111111111112,2.5925925925925926,2.962962962962963,0.7407407407407407,1.8518518518518516
#le-peintre,0.8619528619528619,1.0703703703703706,25.03703703703704,0.07407407407407407,0.037037037037037035,0.037037037037037035,0.07407407407407407,0.037037037037037035,0.18518518518518517,0.14814814814814814,0.1111111111111111,0.25925925925925924,0.2962962962962963,0.07407407407407407,0.18518518518518517
#le-poete,1.7239057239057238,2.1407407407407413,0.07407407407407407,23.148148148148152,11.574074074074076,11.574074074074076,0.14814814814814814,0.07407407407407407,0.37037037037037035,0.2962962962962963,0.2222222222222222,0.5185185185185185,0.5925925925925926,0.14814814814814814,0.37037037037037035
#le-musicien,0.8619528619528619,1.0703703703703706,0.037037037037037035,11.574074074074076,25.03703703703704,25.03703703703704,0.07407407407407407,0.037037037037037035,0.18518518518518517,0.14814814814814814,0.1111111111111111,0.25925925925925924,0.2962962962962963,0.07407407407407407,0.18518518518518517
#le-musicien,0.8619528619528619,1.0703703703703706,0.037037037037037035,11.574074074074076,25.03703703703704,25.03703703703704,0.07407407407407407,0.037037037037037035,0.18518518518518517,0.14814814814814814,0.1111111111111111,0.25925925925925924,0.2962962962962963,0.07407407407407407,0.18518518518518517
#l-epine,1.7239057239057238,2.1407407407407413,0.07407407407407407,0.14814814814814814,0.07407407407407407,0.07407407407407407,23.148148148148152,0.07407407407407407,1.0703703703703706,0.2962962962962963,0.2222222222222222,0.5185185185185185,0.5925925925925926,0.14814814814814814,0.37037037037037035
#la-rancune,0.8619528619528619,1.0703703703703706,0.037037037037037035,0.07407407407407407,0.037037037037037035,0.037037037037037035,0.07407407407407407,25.03703703703704,0.18518518518518517,0.14814814814814814,0.1111111111111111,0.25925925925925924,0.2962962962962963,0.07407407407407407,0.18518518518518517
#lisette,0.5279461279461277,0.39185185185185173,0.18518518518518517,0.37037037037037035,0.18518518518518517,0.18518518518518517,1.0703703703703706,0.18518518518518517,17.92592592592593,0.09074074074074077,0.3555555555555555,2.2391534391534393,0.15648148148148142,0.37037037037037035,0.9259259259259258
#frontin,1.6296296296296295,1.4814814814814814,0.14814814814814814,0.2962962962962963,0.14814814814814814,0.14814814814814814,0.2962962962962963,0.14814814814814814,0.09074074074074077,19.59259259259259,0.6944444444444445,1.037037037037037,2.7789351851851856,0.2962962962962963,0.7407407407407407
#ensemble,1.222222222222222,1.1111111111111112,0.1111111111111111,0.2222222222222222,0.1111111111111111,0.1111111111111111,0.2222222222222222,0.1111111111111111,0.3555555555555555,0.6944444444444445,21.333333333333332,1.9206349206349211,0.013888888888888902,0.2222222222222222,0.3555555555555555
#valere,2.8518518518518516,2.5925925925925926,0.25925925925925924,0.5185185185185185,0.25925925925925924,0.25925925925925924,0.5185185185185185,0.25925925925925924,2.2391534391534393,1.037037037037037,1.9206349206349211,14.814814814814815,0.4133597883597885,0.5185185185185185,0.382010582010582
#lucile,3.259259259259259,2.962962962962963,0.2962962962962963,0.5925925925925926,0.2962962962962963,0.2962962962962963,0.5925925925925926,0.2962962962962963,0.15648148148148142,2.7789351851851856,0.013888888888888902,0.4133597883597885,13.370370370370372,0.28009259259259267,1.4814814814814814
#platinet,0.8148148148148148,0.7407407407407407,0.07407407407407407,0.14814814814814814,0.07407407407407407,0.07407407407407407,0.14814814814814814,0.07407407407407407,0.37037037037037035,0.2962962962962963,0.2222222222222222,0.5185185185185185,0.28009259259259267,23.148148148148152,1.0703703703703706
#madame-argante,2.0370370370370368,1.8518518518518516,0.18518518518518517,0.37037037037037035,0.18518518518518517,0.18518518518518517,0.37037037037037035,0.18518518518518517,0.9259259259259258,0.7407407407407407,0.3555555555555555,0.382010582010582,1.4814814814814814,1.0703703703703706,17.92592592592593
Successions,#le-chevalier,#la-marquise,#le-peintre,#le-poete,#le-musicien,#tous,#l-epine,#la-rancune,#lisette,#frontin,#ensemble,#valere,#lucile,#platinet,#madame-argante
#le-chevalier,0.046511627906976744,0.4186046511627907,0.18604651162790697,0.023255813953488372,0.11627906976744186,0.0,0.13953488372093023,0.0,0.06976744186046512,0.0,0.0,0.0,0.0,0.0,0.0
#la-marquise,0.3333333333333333,0.0,0.15555555555555556,0.08888888888888889,0.13333333333333333,0.0,0.13333333333333333,0.06666666666666667,0.08888888888888889,0.0,0.0,0.0,0.0,0.0,0.0
#le-peintre,0.6,0.4,0.0,0.0,0.0,0.0,0.0,0.0,0.0,0.0,0.0,0.0,0.0,0.0,0.0
#le-poete,0.1111111111111111,0.3333333333333333,0.0,0.0,0.5555555555555556,0.0,0.0,0.0,0.0,0.0,0.0,0.0,0.0,0.0,0.0
#le-musicien,0.29411764705882354,0.4117647058823529,0.0,0.23529411764705882,0.0,0.058823529411764705,0.0,0.0,0.0,0.0,0.0,0.0,0.0,0.0,0.0
#tous,0.0,0.0,0.0,0.0,1.0,0.0,0.0,0.0,0.0,0.0,0.0,0.0,0.0,0.0,0.0
#l-epine,0.5714285714285714,0.35714285714285715,0.0,0.0,0.0,0.0,0.0,0.0,0.07142857142857142,0.0,0.0,0.0,0.0,0.0,0.0
#la-rancune,0.0,0.6666666666666666,0.0,0.0,0.0,0.0,0.3333333333333333,0.0,0.0,0.0,0.0,0.0,0.0,0.0,0.0
#lisette,0.08333333333333333,0.08333333333333333,0.0,0.0,0.0,0.0,0.020833333333333332,0.0,0.0,0.4791666666666667,0.020833333333333332,0.2708333333333333,0.041666666666666664,0.0,0.0
#frontin,0.0,0.0,0.0,0.0,0.0,0.0,0.0,0.0,0.7058823529411765,0.029411764705882353,0.0,0.0,0.2647058823529412,0.0,0.0
#ensemble,0.0,0.0,0.0,0.0,0.0,0.0,0.0,0.0,0.0,0.2,0.0,0.0,0.4,0.0,0.4
#valere,0.0,0.0,0.0,0.0,0.0,0.0,0.0,0.0,0.32,0.0,0.06,0.02,0.2,0.0,0.4
#lucile,0.0,0.0,0.0,0.0,0.0,0.0,0.0,0.0,0.0,0.21052631578947367,0.0,0.39473684210526316,0.02631578947368421,0.3684210526315789,0.0
#platinet,0.0,0.0,0.0,0.0,0.0,0.0,0.0,0.0,0.0,0.0,0.0,0.0,0.6086956521739131,0.0,0.391304347826087
#madame-argante,0.0,0.0,0.0,0.0,0.0,0.0,0.0,0.0,0.0,0.030303030303030304,0.0,0.6363636363636364,0.0,0.2727272727272727,0.06060606060606061
