VALEUR,#marton,#lucile,#leandre,#angelique,#monsieur-grichardin,#lucile #angelique,#nicole,#une-venitienne,#un-pantalon,#un-laquais,#eraste,#isabelle,#monsieur-poisson,#monsieur-de-la-thoriliere,#jasmin,#mezzetin,#gros-guillaume,#une-dame-gigogne,#jupiter,#momus,#le-docteur,#pierrot,#mercure,#marotte,#l-amour,#spinette,#philine,#guillot-gorjus,#claudine,#thibaut,#mathurine,#thibaut #mathurine,#le-chevalier
Fréquences (scènes),0.4,0.2,0.1111111111111111,0.15555555555555556,0.2222222222222222,0.022222222222222223,0.022222222222222223,0.022222222222222223,0.022222222222222223,0.022222222222222223,0.1111111111111111,0.17777777777777778,0.022222222222222223,0.044444444444444446,0.022222222222222223,0.06666666666666667,0.022222222222222223,0.022222222222222223,0.06666666666666667,0.06666666666666667,0.15555555555555556,0.2222222222222222,0.28888888888888886,0.1111111111111111,0.26666666666666666,0.08888888888888889,0.044444444444444446,0.022222222222222223,0.044444444444444446,0.022222222222222223,0.022222222222222223,0.022222222222222223,0.022222222222222223
Fréquences(répliques),0.013227513227513227,0.0,0.0,0.018518518518518517,0.021164021164021163,0.0,0.0,0.010582010582010581,0.010582010582010581,0.0,0.0,0.0,0.0,0.0,0.0,0.047619047619047616,0.026455026455026454,0.042328042328042326,0.0,0.0,0.0,0.0,0.1164021164021164,0.082010582010582,0.2037037037037037,0.013227513227513227,0.0,0.06084656084656084,0.047619047619047616,0.06613756613756613,0.05555555555555555,0.005291005291005291,0.15873015873015872
Confrontation,0.11442786069651742,0.05970149253731343,0.03980099502487562,0.04975124378109453,0.06965174129353234,0.009950248756218905,0.004975124378109453,0.007462686567164179,0.007462686567164179,0.007462686567164179,0.03233830845771144,0.04477611940298507,0.009950248756218905,0.01990049751243781,0.007462686567164179,0.017412935323383085,0.007462686567164179,0.007462686567164179,0.024875621890547265,0.024875621890547265,0.029850746268656716,0.04975124378109453,0.09701492537313433,0.03482587064676617,0.0945273631840796,0.03731343283582089,0.017412935323383085,0.004975124378109453,0.022388059701492536,0.009950248756218905,0.009950248756218905,0.009950248756218905,0.014925373134328358
Déviations,#marton,#lucile,#leandre,#angelique,#monsieur-grichardin,#lucile #angelique,#nicole,#une-venitienne,#un-pantalon,#un-laquais,#eraste,#isabelle,#monsieur-poisson,#monsieur-de-la-thoriliere,#jasmin,#mezzetin,#gros-guillaume,#une-dame-gigogne,#jupiter,#momus,#le-docteur,#pierrot,#mercure,#marotte,#l-amour,#spinette,#philine,#guillot-gorjus,#claudine,#thibaut,#mathurine,#thibaut #mathurine,#le-chevalier
#marton,16.200000000000003,3.211111111111111,4.5,1.7285714285714289,0.25,0.8999999999999999,0.8999999999999999,0.4000000000000001,0.4000000000000001,0.4000000000000001,2.0,2.4499999999999997,0.8999999999999999,1.7999999999999998,0.8999999999999999,1.2,0.4000000000000001,0.4000000000000001,1.2,1.2,2.8,4.0,1.9692307692307685,0.5,1.633333333333333,0.22500000000000006,0.8000000000000002,0.4000000000000001,0.049999999999999975,0.4000000000000001,0.4000000000000001,0.4000000000000001,0.8999999999999999
#lucile,3.211111111111111,28.8,4.0,4.828571428571429,0.5,3.2000000000000006,0.20000000000000004,0.20000000000000004,0.20000000000000004,0.20000000000000004,1.0,1.6000000000000003,0.20000000000000004,0.4000000000000001,0.20000000000000004,0.6,0.20000000000000004,0.20000000000000004,0.2666666666666667,0.2666666666666667,0.11428571428571424,0.5,0.9846153846153842,1.0,0.8166666666666665,0.8000000000000002,0.4000000000000001,0.20000000000000004,0.4000000000000001,0.20000000000000004,0.20000000000000004,0.20000000000000004,0.20000000000000004
#leandre,4.5,4.0,35.55555555555556,1.920634920634921,1.1111111111111112,0.11111111111111112,0.11111111111111112,0.11111111111111112,0.11111111111111112,0.11111111111111112,3.755555555555555,0.01388888888888887,7.11111111111111,14.22222222222222,0.11111111111111112,0.3333333333333333,0.11111111111111112,0.11111111111111112,0.3333333333333333,0.3333333333333333,0.7777777777777778,1.1111111111111112,1.4444444444444444,0.5555555555555556,1.3333333333333333,0.4444444444444445,0.22222222222222224,0.11111111111111112,0.22222222222222224,0.11111111111111112,0.11111111111111112,0.11111111111111112,0.11111111111111112
#angelique,1.728571428571428,4.8285714285714265,1.9206349206349211,32.08888888888889,0.12698412698412712,4.584126984126984,0.15555555555555556,0.15555555555555556,0.15555555555555556,0.15555555555555556,0.06349206349206356,0.048015873015873026,0.15555555555555556,0.3111111111111111,0.15555555555555556,5.038095238095238,4.584126984126984,4.584126984126984,0.4666666666666667,0.4666666666666667,1.088888888888889,1.5555555555555551,2.022222222222222,0.7777777777777776,1.8666666666666667,0.6222222222222222,0.3111111111111111,0.15555555555555556,0.3111111111111111,0.15555555555555556,0.15555555555555556,0.15555555555555556,0.15555555555555556
#monsieur-grichardin,0.25,0.5,1.1111111111111112,0.12698412698412698,27.222222222222218,2.7222222222222223,2.7222222222222223,2.7222222222222223,2.7222222222222223,2.7222222222222223,1.1111111111111112,2.777777777777778,0.22222222222222224,0.4444444444444445,2.7222222222222223,2.6666666666666674,0.22222222222222224,0.22222222222222224,0.1666666666666667,0.1666666666666667,0.19841269841269843,0.6722222222222223,1.2350427350427347,1.1111111111111112,1.0416666666666665,0.888888888888889,0.4444444444444445,0.22222222222222224,0.4444444444444445,0.22222222222222224,0.22222222222222224,0.22222222222222224,0.22222222222222224
#lucile #angelique,0.8999999999999999,3.2000000000000006,0.1111111111111111,4.584126984126984,2.7222222222222223,43.02222222222222,0.022222222222222223,0.022222222222222223,0.022222222222222223,0.022222222222222223,0.1111111111111111,0.17777777777777778,0.022222222222222223,0.044444444444444446,0.022222222222222223,0.06666666666666667,0.022222222222222223,0.022222222222222223,0.06666666666666667,0.06666666666666667,0.15555555555555556,0.2222222222222222,0.28888888888888886,0.1111111111111111,0.26666666666666666,0.08888888888888889,0.044444444444444446,0.022222222222222223,0.044444444444444446,0.022222222222222223,0.022222222222222223,0.022222222222222223,0.022222222222222223
#nicole,0.8999999999999999,0.20000000000000004,0.1111111111111111,0.15555555555555556,2.7222222222222223,0.022222222222222223,43.02222222222222,0.022222222222222223,0.022222222222222223,0.022222222222222223,0.1111111111111111,0.17777777777777778,0.022222222222222223,0.044444444444444446,0.022222222222222223,0.06666666666666667,0.022222222222222223,0.022222222222222223,0.06666666666666667,0.06666666666666667,0.15555555555555556,0.2222222222222222,0.28888888888888886,0.1111111111111111,0.26666666666666666,0.08888888888888889,0.044444444444444446,0.022222222222222223,0.044444444444444446,0.022222222222222223,0.022222222222222223,0.022222222222222223,0.022222222222222223
#une-venitienne,0.4000000000000001,0.20000000000000004,0.1111111111111111,0.15555555555555556,2.7222222222222223,0.022222222222222223,0.022222222222222223,43.02222222222222,43.02222222222222,43.02222222222222,0.1111111111111111,0.17777777777777778,0.022222222222222223,0.044444444444444446,0.022222222222222223,0.06666666666666667,0.022222222222222223,0.022222222222222223,0.06666666666666667,0.06666666666666667,0.15555555555555556,0.2222222222222222,0.28888888888888886,0.1111111111111111,0.26666666666666666,0.08888888888888889,0.044444444444444446,0.022222222222222223,0.044444444444444446,0.022222222222222223,0.022222222222222223,0.022222222222222223,0.022222222222222223
#une-venitienne,0.4000000000000001,0.20000000000000004,0.1111111111111111,0.15555555555555556,2.7222222222222223,0.022222222222222223,0.022222222222222223,43.02222222222222,43.02222222222222,43.02222222222222,0.1111111111111111,0.17777777777777778,0.022222222222222223,0.044444444444444446,0.022222222222222223,0.06666666666666667,0.022222222222222223,0.022222222222222223,0.06666666666666667,0.06666666666666667,0.15555555555555556,0.2222222222222222,0.28888888888888886,0.1111111111111111,0.26666666666666666,0.08888888888888889,0.044444444444444446,0.022222222222222223,0.044444444444444446,0.022222222222222223,0.022222222222222223,0.022222222222222223,0.022222222222222223
#une-venitienne,0.4000000000000001,0.20000000000000004,0.1111111111111111,0.15555555555555556,2.7222222222222223,0.022222222222222223,0.022222222222222223,43.02222222222222,43.02222222222222,43.02222222222222,0.1111111111111111,0.17777777777777778,0.022222222222222223,0.044444444444444446,0.022222222222222223,0.06666666666666667,0.022222222222222223,0.022222222222222223,0.06666666666666667,0.06666666666666667,0.15555555555555556,0.2222222222222222,0.28888888888888886,0.1111111111111111,0.26666666666666666,0.08888888888888889,0.044444444444444446,0.022222222222222223,0.044444444444444446,0.022222222222222223,0.022222222222222223,0.022222222222222223,0.022222222222222223
#eraste,2.0,1.0,3.755555555555555,0.06349206349206349,1.1111111111111112,0.11111111111111112,0.11111111111111112,0.11111111111111112,0.11111111111111112,0.11111111111111112,35.55555555555556,5.013888888888888,7.11111111111111,14.22222222222222,0.11111111111111112,0.3333333333333333,0.11111111111111112,0.11111111111111112,0.3333333333333333,0.3333333333333333,0.7777777777777778,1.1111111111111112,1.4444444444444444,0.5555555555555556,1.3333333333333333,0.4444444444444445,0.22222222222222224,0.11111111111111112,0.22222222222222224,0.11111111111111112,0.11111111111111112,0.11111111111111112,0.11111111111111112
#isabelle,2.4499999999999997,1.6000000000000003,0.013888888888888902,0.048015873015873026,2.777777777777778,0.17777777777777778,0.17777777777777778,0.17777777777777778,0.17777777777777778,0.17777777777777778,5.013888888888889,30.422222222222217,0.17777777777777778,1.1680555555555552,3.802777777777777,0.4083333333333334,0.17777777777777778,0.17777777777777778,0.5333333333333333,0.5333333333333333,1.2444444444444445,1.7777777777777777,2.311111111111111,0.8888888888888888,2.1333333333333333,0.7111111111111111,0.35555555555555557,0.17777777777777778,0.35555555555555557,0.17777777777777778,0.17777777777777778,0.17777777777777778,0.17777777777777778
#monsieur-poisson,0.8999999999999999,0.20000000000000004,7.111111111111111,0.15555555555555556,0.2222222222222222,0.022222222222222223,0.022222222222222223,0.022222222222222223,0.022222222222222223,0.022222222222222223,7.111111111111111,0.17777777777777778,43.02222222222222,20.544444444444444,0.022222222222222223,0.06666666666666667,0.022222222222222223,0.022222222222222223,0.06666666666666667,0.06666666666666667,0.15555555555555556,0.2222222222222222,0.28888888888888886,0.1111111111111111,0.26666666666666666,0.08888888888888889,0.044444444444444446,0.022222222222222223,0.044444444444444446,0.022222222222222223,0.022222222222222223,0.022222222222222223,0.022222222222222223
#monsieur-de-la-thoriliere,1.7999999999999998,0.4000000000000001,14.222222222222221,0.3111111111111111,0.4444444444444444,0.044444444444444446,0.044444444444444446,0.044444444444444446,0.044444444444444446,0.044444444444444446,14.222222222222221,1.1680555555555552,20.544444444444444,41.08888888888889,0.044444444444444446,0.13333333333333333,0.044444444444444446,0.044444444444444446,0.13333333333333333,0.13333333333333333,0.3111111111111111,0.4444444444444444,0.5777777777777777,0.2222222222222222,0.5333333333333333,0.17777777777777778,0.08888888888888889,0.044444444444444446,0.08888888888888889,0.044444444444444446,0.044444444444444446,0.044444444444444446,0.044444444444444446
#jasmin,0.8999999999999999,0.20000000000000004,0.1111111111111111,0.15555555555555556,2.7222222222222223,0.022222222222222223,0.022222222222222223,0.022222222222222223,0.022222222222222223,0.022222222222222223,0.1111111111111111,3.802777777777777,0.022222222222222223,0.044444444444444446,43.02222222222222,0.06666666666666667,0.022222222222222223,0.022222222222222223,0.06666666666666667,0.06666666666666667,0.15555555555555556,0.2222222222222222,0.28888888888888886,0.1111111111111111,0.26666666666666666,0.08888888888888889,0.044444444444444446,0.022222222222222223,0.044444444444444446,0.022222222222222223,0.022222222222222223,0.022222222222222223,0.022222222222222223
#mezzetin,1.2000000000000002,0.6000000000000001,0.3333333333333333,5.038095238095238,2.6666666666666674,0.06666666666666667,0.06666666666666667,0.06666666666666667,0.06666666666666667,0.06666666666666667,0.3333333333333333,0.4083333333333334,0.06666666666666667,0.13333333333333333,0.06666666666666667,39.199999999999996,13.066666666666668,13.066666666666668,0.20000000000000004,0.20000000000000004,0.4666666666666667,0.6666666666666666,0.8666666666666666,0.3333333333333333,0.8000000000000002,0.26666666666666666,0.13333333333333333,0.06666666666666667,0.13333333333333333,0.06666666666666667,0.06666666666666667,0.06666666666666667,0.06666666666666667
#gros-guillaume,0.4000000000000001,0.20000000000000004,0.1111111111111111,4.584126984126984,0.2222222222222222,0.022222222222222223,0.022222222222222223,0.022222222222222223,0.022222222222222223,0.022222222222222223,0.1111111111111111,0.17777777777777778,0.022222222222222223,0.044444444444444446,0.022222222222222223,13.066666666666668,43.02222222222222,43.02222222222222,0.06666666666666667,0.06666666666666667,0.15555555555555556,0.2222222222222222,0.28888888888888886,0.1111111111111111,0.26666666666666666,0.08888888888888889,0.044444444444444446,0.022222222222222223,0.044444444444444446,0.022222222222222223,0.022222222222222223,0.022222222222222223,0.022222222222222223
#gros-guillaume,0.4000000000000001,0.20000000000000004,0.1111111111111111,4.584126984126984,0.2222222222222222,0.022222222222222223,0.022222222222222223,0.022222222222222223,0.022222222222222223,0.022222222222222223,0.1111111111111111,0.17777777777777778,0.022222222222222223,0.044444444444444446,0.022222222222222223,13.066666666666668,43.02222222222222,43.02222222222222,0.06666666666666667,0.06666666666666667,0.15555555555555556,0.2222222222222222,0.28888888888888886,0.1111111111111111,0.26666666666666666,0.08888888888888889,0.044444444444444446,0.022222222222222223,0.044444444444444446,0.022222222222222223,0.022222222222222223,0.022222222222222223,0.022222222222222223
#jupiter,1.2000000000000002,0.2666666666666665,0.3333333333333333,0.4666666666666667,0.1666666666666667,0.06666666666666667,0.06666666666666667,0.06666666666666667,0.06666666666666667,0.06666666666666667,0.3333333333333333,0.5333333333333333,0.06666666666666667,0.13333333333333333,0.06666666666666667,0.20000000000000004,0.06666666666666667,0.06666666666666667,39.199999999999996,39.199999999999996,5.038095238095238,0.1666666666666667,0.020512820512820537,0.3333333333333333,0.049999999999999975,0.26666666666666666,0.13333333333333333,0.06666666666666667,0.13333333333333333,0.06666666666666667,0.06666666666666667,0.06666666666666667,0.06666666666666667
#jupiter,1.2000000000000002,0.2666666666666665,0.3333333333333333,0.4666666666666667,0.1666666666666667,0.06666666666666667,0.06666666666666667,0.06666666666666667,0.06666666666666667,0.06666666666666667,0.3333333333333333,0.5333333333333333,0.06666666666666667,0.13333333333333333,0.06666666666666667,0.20000000000000004,0.06666666666666667,0.06666666666666667,39.199999999999996,39.199999999999996,5.038095238095238,0.1666666666666667,0.020512820512820537,0.3333333333333333,0.049999999999999975,0.26666666666666666,0.13333333333333333,0.06666666666666667,0.13333333333333333,0.06666666666666667,0.06666666666666667,0.06666666666666667,0.06666666666666667
#le-docteur,2.8000000000000003,0.11428571428571435,0.7777777777777776,1.088888888888889,0.1984126984126983,0.15555555555555556,0.15555555555555556,0.15555555555555556,0.15555555555555556,0.15555555555555556,0.7777777777777776,1.2444444444444445,0.15555555555555556,0.3111111111111111,0.15555555555555556,0.4666666666666667,0.15555555555555556,0.15555555555555556,5.038095238095238,5.038095238095238,32.08888888888889,1.3412698412698416,0.5167277167277167,0.06349206349206356,0.4023809523809524,0.6222222222222222,0.3111111111111111,0.15555555555555556,0.3111111111111111,0.15555555555555556,0.15555555555555556,0.15555555555555556,0.15555555555555556
#pierrot,4.0,0.5,1.1111111111111112,1.5555555555555556,0.6722222222222223,0.22222222222222224,0.22222222222222224,0.22222222222222224,0.22222222222222224,0.22222222222222224,1.1111111111111112,1.777777777777778,0.22222222222222224,0.4444444444444445,0.22222222222222224,0.6666666666666666,0.22222222222222224,0.22222222222222224,0.1666666666666667,0.1666666666666667,1.3412698412698412,27.222222222222218,1.5427350427350437,0.711111111111111,0.6666666666666669,0.01388888888888887,0.6944444444444445,0.22222222222222224,0.4444444444444445,0.22222222222222224,0.22222222222222224,0.22222222222222224,0.22222222222222224
#mercure,1.9692307692307685,0.9846153846153842,1.4444444444444444,2.022222222222222,1.2350427350427347,0.28888888888888886,0.28888888888888886,0.28888888888888886,0.28888888888888886,0.28888888888888886,1.4444444444444444,2.311111111111111,0.28888888888888886,0.5777777777777777,0.28888888888888886,0.8666666666666666,0.28888888888888886,0.28888888888888886,0.020512820512820537,0.020512820512820537,0.5167277167277167,1.5427350427350437,22.755555555555564,1.6752136752136761,16.370512820512822,7.001709401709403,3.5008547008547013,1.7504273504273506,3.5008547008547013,1.7504273504273506,1.7504273504273506,1.7504273504273506,1.7504273504273506
#marotte,0.5,1.0,0.5555555555555556,0.7777777777777778,1.1111111111111112,0.11111111111111112,0.11111111111111112,0.11111111111111112,0.11111111111111112,0.11111111111111112,0.5555555555555556,0.888888888888889,0.11111111111111112,0.22222222222222224,0.11111111111111112,0.3333333333333333,0.11111111111111112,0.11111111111111112,0.3333333333333333,0.3333333333333333,0.06349206349206349,0.711111111111111,1.6752136752136761,35.55555555555556,2.083333333333334,0.6944444444444445,0.22222222222222224,0.11111111111111112,14.22222222222222,0.11111111111111112,0.11111111111111112,0.11111111111111112,7.11111111111111
#l-amour,1.633333333333334,0.816666666666667,1.3333333333333333,1.8666666666666667,1.0416666666666665,0.26666666666666666,0.26666666666666666,0.26666666666666666,0.26666666666666666,0.26666666666666666,1.3333333333333333,2.1333333333333333,0.26666666666666666,0.5333333333333333,0.26666666666666666,0.8000000000000002,0.26666666666666666,0.26666666666666666,0.049999999999999975,0.049999999999999975,0.4023809523809524,0.6666666666666669,16.370512820512822,2.083333333333334,24.200000000000003,8.066666666666668,4.033333333333334,2.016666666666667,4.033333333333334,2.016666666666667,2.016666666666667,2.016666666666667,2.016666666666667
#spinette,0.22500000000000006,0.8000000000000002,0.4444444444444444,0.6222222222222222,0.8888888888888888,0.08888888888888889,0.08888888888888889,0.08888888888888889,0.08888888888888889,0.08888888888888889,0.4444444444444444,0.7111111111111111,0.08888888888888889,0.17777777777777778,0.08888888888888889,0.26666666666666666,0.08888888888888889,0.08888888888888889,0.26666666666666666,0.26666666666666666,0.6222222222222222,0.013888888888888902,7.001709401709403,0.6944444444444445,8.066666666666668,37.355555555555554,18.677777777777777,0.08888888888888889,3.802777777777777,0.08888888888888889,0.08888888888888889,0.08888888888888889,9.338888888888889
#philine,0.8000000000000002,0.4000000000000001,0.2222222222222222,0.3111111111111111,0.4444444444444444,0.044444444444444446,0.044444444444444446,0.044444444444444446,0.044444444444444446,0.044444444444444446,0.2222222222222222,0.35555555555555557,0.044444444444444446,0.08888888888888889,0.044444444444444446,0.13333333333333333,0.044444444444444446,0.044444444444444446,0.13333333333333333,0.13333333333333333,0.3111111111111111,0.6944444444444445,3.5008547008547013,0.2222222222222222,4.033333333333334,18.677777777777777,41.08888888888889,0.044444444444444446,0.08888888888888889,0.044444444444444446,0.044444444444444446,0.044444444444444446,0.044444444444444446
#guillot-gorjus,0.4000000000000001,0.20000000000000004,0.1111111111111111,0.15555555555555556,0.2222222222222222,0.022222222222222223,0.022222222222222223,0.022222222222222223,0.022222222222222223,0.022222222222222223,0.1111111111111111,0.17777777777777778,0.022222222222222223,0.044444444444444446,0.022222222222222223,0.06666666666666667,0.022222222222222223,0.022222222222222223,0.06666666666666667,0.06666666666666667,0.15555555555555556,0.2222222222222222,1.7504273504273506,0.1111111111111111,2.016666666666667,0.08888888888888889,0.044444444444444446,43.02222222222222,0.044444444444444446,0.022222222222222223,0.022222222222222223,0.022222222222222223,0.022222222222222223
#claudine,0.049999999999999975,0.4000000000000001,0.2222222222222222,0.3111111111111111,0.4444444444444444,0.044444444444444446,0.044444444444444446,0.044444444444444446,0.044444444444444446,0.044444444444444446,0.2222222222222222,0.35555555555555557,0.044444444444444446,0.08888888888888889,0.044444444444444446,0.13333333333333333,0.044444444444444446,0.044444444444444446,0.13333333333333333,0.13333333333333333,0.3111111111111111,0.4444444444444444,3.5008547008547013,14.222222222222221,4.033333333333334,3.802777777777777,0.08888888888888889,0.044444444444444446,41.08888888888889,0.044444444444444446,0.044444444444444446,0.044444444444444446,20.544444444444444
#thibaut,0.4000000000000001,0.20000000000000004,0.1111111111111111,0.15555555555555556,0.2222222222222222,0.022222222222222223,0.022222222222222223,0.022222222222222223,0.022222222222222223,0.022222222222222223,0.1111111111111111,0.17777777777777778,0.022222222222222223,0.044444444444444446,0.022222222222222223,0.06666666666666667,0.022222222222222223,0.022222222222222223,0.06666666666666667,0.06666666666666667,0.15555555555555556,0.2222222222222222,1.7504273504273506,0.1111111111111111,2.016666666666667,0.08888888888888889,0.044444444444444446,0.022222222222222223,0.044444444444444446,43.02222222222222,43.02222222222222,43.02222222222222,0.022222222222222223
#thibaut,0.4000000000000001,0.20000000000000004,0.1111111111111111,0.15555555555555556,0.2222222222222222,0.022222222222222223,0.022222222222222223,0.022222222222222223,0.022222222222222223,0.022222222222222223,0.1111111111111111,0.17777777777777778,0.022222222222222223,0.044444444444444446,0.022222222222222223,0.06666666666666667,0.022222222222222223,0.022222222222222223,0.06666666666666667,0.06666666666666667,0.15555555555555556,0.2222222222222222,1.7504273504273506,0.1111111111111111,2.016666666666667,0.08888888888888889,0.044444444444444446,0.022222222222222223,0.044444444444444446,43.02222222222222,43.02222222222222,43.02222222222222,0.022222222222222223
#thibaut,0.4000000000000001,0.20000000000000004,0.1111111111111111,0.15555555555555556,0.2222222222222222,0.022222222222222223,0.022222222222222223,0.022222222222222223,0.022222222222222223,0.022222222222222223,0.1111111111111111,0.17777777777777778,0.022222222222222223,0.044444444444444446,0.022222222222222223,0.06666666666666667,0.022222222222222223,0.022222222222222223,0.06666666666666667,0.06666666666666667,0.15555555555555556,0.2222222222222222,1.7504273504273506,0.1111111111111111,2.016666666666667,0.08888888888888889,0.044444444444444446,0.022222222222222223,0.044444444444444446,43.02222222222222,43.02222222222222,43.02222222222222,0.022222222222222223
#le-chevalier,0.8999999999999999,0.20000000000000004,0.1111111111111111,0.15555555555555556,0.2222222222222222,0.022222222222222223,0.022222222222222223,0.022222222222222223,0.022222222222222223,0.022222222222222223,0.1111111111111111,0.17777777777777778,0.022222222222222223,0.044444444444444446,0.022222222222222223,0.06666666666666667,0.022222222222222223,0.022222222222222223,0.06666666666666667,0.06666666666666667,0.15555555555555556,0.2222222222222222,1.7504273504273506,7.111111111111111,2.016666666666667,9.338888888888889,0.044444444444444446,0.022222222222222223,20.544444444444444,0.022222222222222223,0.022222222222222223,0.022222222222222223,43.02222222222222
Successions,#marton,#lucile,#leandre,#angelique,#monsieur-grichardin,#lucile #angelique,#nicole,#une-venitienne,#un-pantalon,#un-laquais,#eraste,#isabelle,#monsieur-poisson,#monsieur-de-la-thoriliere,#jasmin,#mezzetin,#gros-guillaume,#une-dame-gigogne,#jupiter,#momus,#le-docteur,#pierrot,#mercure,#marotte,#l-amour,#spinette,#philine,#guillot-gorjus,#claudine,#thibaut,#mathurine,#thibaut #mathurine,#le-chevalier
#marton,0.008547008547008548,0.24786324786324787,0.1452991452991453,0.2222222222222222,0.21367521367521367,0.008547008547008548,0.0,0.0,0.0,0.0,0.02564102564102564,0.042735042735042736,0.02564102564102564,0.03418803418803419,0.008547008547008548,0.0,0.0,0.0,0.0,0.0,0.0,0.0,0.008547008547008548,0.0,0.0,0.008547008547008548,0.0,0.0,0.0,0.0,0.0,0.0,0.0
#lucile,0.4727272727272727,0.01818181818181818,0.16363636363636364,0.12727272727272726,0.2,0.0,0.0,0.0,0.0,0.0,0.0,0.0,0.0,0.0,0.0,0.0,0.0,0.0,0.0,0.0,0.0,0.0,0.01818181818181818,0.0,0.0,0.0,0.0,0.0,0.0,0.0,0.0,0.0,0.0
#leandre,0.6896551724137931,0.2413793103448276,0.0,0.034482758620689655,0.0,0.0,0.0,0.0,0.0,0.0,0.034482758620689655,0.0,0.0,0.0,0.0,0.0,0.0,0.0,0.0,0.0,0.0,0.0,0.0,0.0,0.0,0.0,0.0,0.0,0.0,0.0,0.0,0.0,0.0
#angelique,0.5254237288135594,0.0847457627118644,0.01694915254237288,0.0,0.0847457627118644,0.0,0.0,0.0,0.0,0.0,0.01694915254237288,0.0,0.0,0.0,0.0,0.2542372881355932,0.0,0.01694915254237288,0.0,0.0,0.0,0.0,0.0,0.0,0.0,0.0,0.0,0.0,0.0,0.0,0.0,0.0,0.0
#monsieur-grichardin,0.3142857142857143,0.17142857142857143,0.0,0.05714285714285714,0.0,0.0,0.014285714285714285,0.014285714285714285,0.014285714285714285,0.014285714285714285,0.0,0.04285714285714286,0.0,0.0,0.0,0.2857142857142857,0.0,0.0,0.0,0.0,0.014285714285714285,0.0,0.014285714285714285,0.0,0.04285714285714286,0.0,0.0,0.0,0.0,0.0,0.0,0.0,0.0
#lucile #angelique,0.0,0.0,0.0,0.0,1.0,0.0,0.0,0.0,0.0,0.0,0.0,0.0,0.0,0.0,0.0,0.0,0.0,0.0,0.0,0.0,0.0,0.0,0.0,0.0,0.0,0.0,0.0,0.0,0.0,0.0,0.0,0.0,0.0
#lucile #angelique,0.0,0.0,0.0,0.0,1.0,0.0,0.0,0.0,0.0,0.0,0.0,0.0,0.0,0.0,0.0,0.0,0.0,0.0,0.0,0.0,0.0,0.0,0.0,0.0,0.0,0.0,0.0,0.0,0.0,0.0,0.0,0.0,0.0
#une-venitienne,0.0,0.0,0.0,0.0,0.5,0.0,0.0,0.0,0.5,0.0,0.0,0.0,0.0,0.0,0.0,0.0,0.0,0.0,0.0,0.0,0.0,0.0,0.0,0.0,0.0,0.0,0.0,0.0,0.0,0.0,0.0,0.0,0.0
#lucile #angelique,0.0,0.0,0.0,0.0,1.0,0.0,0.0,0.0,0.0,0.0,0.0,0.0,0.0,0.0,0.0,0.0,0.0,0.0,0.0,0.0,0.0,0.0,0.0,0.0,0.0,0.0,0.0,0.0,0.0,0.0,0.0,0.0,0.0
#un-laquais,0.0,0.0,0.0,0.0,0.0,0.0,0.0,1.0,0.0,0.0,0.0,0.0,0.0,0.0,0.0,0.0,0.0,0.0,0.0,0.0,0.0,0.0,0.0,0.0,0.0,0.0,0.0,0.0,0.0,0.0,0.0,0.0,0.0
#eraste,0.125,0.0,0.0,0.0,0.0625,0.0,0.0,0.0,0.0,0.0,0.0,0.75,0.0625,0.0,0.0,0.0,0.0,0.0,0.0,0.0,0.0,0.0,0.0,0.0,0.0,0.0,0.0,0.0,0.0,0.0,0.0,0.0,0.0
#isabelle,0.24,0.0,0.0,0.04,0.12,0.0,0.0,0.0,0.0,0.0,0.4,0.0,0.04,0.0,0.0,0.16,0.0,0.0,0.0,0.0,0.0,0.0,0.0,0.0,0.0,0.0,0.0,0.0,0.0,0.0,0.0,0.0,0.0
#monsieur-poisson,0.4,0.0,0.2,0.0,0.0,0.0,0.0,0.0,0.0,0.0,0.2,0.0,0.0,0.2,0.0,0.0,0.0,0.0,0.0,0.0,0.0,0.0,0.0,0.0,0.0,0.0,0.0,0.0,0.0,0.0,0.0,0.0,0.0
#monsieur-de-la-thoriliere,0.8,0.0,0.2,0.0,0.0,0.0,0.0,0.0,0.0,0.0,0.0,0.0,0.0,0.0,0.0,0.0,0.0,0.0,0.0,0.0,0.0,0.0,0.0,0.0,0.0,0.0,0.0,0.0,0.0,0.0,0.0,0.0,0.0
#jasmin,1.0,0.0,0.0,0.0,0.0,0.0,0.0,0.0,0.0,0.0,0.0,0.0,0.0,0.0,0.0,0.0,0.0,0.0,0.0,0.0,0.0,0.0,0.0,0.0,0.0,0.0,0.0,0.0,0.0,0.0,0.0,0.0,0.0
#mezzetin,0.024390243902439025,0.0,0.0,0.4878048780487805,0.34146341463414637,0.0,0.0,0.0,0.0,0.0,0.0,0.12195121951219512,0.0,0.0,0.0,0.0,0.0,0.024390243902439025,0.0,0.0,0.0,0.0,0.0,0.0,0.0,0.0,0.0,0.0,0.0,0.0,0.0,0.0,0.0
#lucile #angelique,0.0,0.0,0.0,0.0,1.0,0.0,0.0,0.0,0.0,0.0,0.0,0.0,0.0,0.0,0.0,0.0,0.0,0.0,0.0,0.0,0.0,0.0,0.0,0.0,0.0,0.0,0.0,0.0,0.0,0.0,0.0,0.0,0.0
#une-dame-gigogne,0.0,0.0,0.0,0.0,0.0,0.0,0.0,0.0,0.0,0.0,0.0,0.0,0.0,0.0,0.0,0.5,0.5,0.0,0.0,0.0,0.0,0.0,0.0,0.0,0.0,0.0,0.0,0.0,0.0,0.0,0.0,0.0,0.0
#jupiter,0.0,0.0,0.0,0.0,0.0,0.0,0.0,0.0,0.0,0.0,0.0,0.0,0.0,0.0,0.0,0.02564102564102564,0.0,0.0,0.0,0.5641025641025641,0.3076923076923077,0.02564102564102564,0.0,0.0,0.07692307692307693,0.0,0.0,0.0,0.0,0.0,0.0,0.0,0.0
#momus,0.0,0.0,0.0,0.0,0.0,0.0,0.0,0.0,0.0,0.0,0.0,0.0,0.0,0.0,0.0,0.0,0.0,0.0,0.5945945945945946,0.0,0.3783783783783784,0.0,0.0,0.0,0.02702702702702703,0.0,0.0,0.0,0.0,0.0,0.0,0.0,0.0
#le-docteur,0.0,0.016666666666666666,0.0,0.0,0.0,0.0,0.0,0.0,0.0,0.0,0.0,0.0,0.0,0.0,0.0,0.0,0.0,0.0,0.25,0.2,0.0,0.45,0.016666666666666666,0.05,0.016666666666666666,0.0,0.0,0.0,0.0,0.0,0.0,0.0,0.0
#pierrot,0.0,0.0,0.0,0.0,0.0,0.0,0.0,0.0,0.0,0.0,0.0,0.0,0.0,0.0,0.0,0.0,0.0,0.0,0.0,0.016129032258064516,0.4838709677419355,0.0,0.3548387096774194,0.03225806451612903,0.0967741935483871,0.016129032258064516,0.0,0.0,0.0,0.0,0.0,0.0,0.0
#mercure,0.02631578947368421,0.0,0.0,0.0,0.013157894736842105,0.0,0.0,0.0,0.0,0.0,0.0,0.0,0.0,0.0,0.0,0.0,0.0,0.0,0.013157894736842105,0.013157894736842105,0.013157894736842105,0.3157894736842105,0.0,0.013157894736842105,0.3684210526315789,0.07894736842105263,0.02631578947368421,0.02631578947368421,0.013157894736842105,0.02631578947368421,0.013157894736842105,0.0,0.039473684210526314
#marotte,0.0,0.0,0.0,0.0,0.1,0.0,0.0,0.0,0.0,0.0,0.0,0.0,0.0,0.0,0.0,0.0,0.0,0.0,0.0,0.0,0.2,0.2,0.2,0.0,0.0,0.0,0.0,0.0,0.2,0.0,0.0,0.0,0.1
#l-amour,0.0,0.0,0.0,0.0,0.0410958904109589,0.0,0.0,0.0,0.0,0.0,0.0,0.0,0.0,0.0,0.0,0.0,0.0,0.0,0.0136986301369863,0.0136986301369863,0.0,0.0958904109589041,0.3835616438356164,0.0273972602739726,0.0273972602739726,0.136986301369863,0.0410958904109589,0.0821917808219178,0.0,0.0273972602739726,0.0136986301369863,0.0273972602739726,0.0684931506849315
#spinette,0.0,0.0,0.0,0.0,0.0,0.0,0.0,0.0,0.0,0.0,0.0,0.0,0.0,0.0,0.0,0.0,0.0,0.0,0.0,0.0,0.0,0.0,0.20833333333333334,0.0,0.25,0.0,0.5,0.0,0.041666666666666664,0.0,0.0,0.0,0.0
#philine,0.0,0.0,0.0,0.0,0.0,0.0,0.0,0.0,0.0,0.0,0.0,0.0,0.0,0.0,0.0,0.0,0.0,0.0,0.0,0.0,0.0,0.058823529411764705,0.23529411764705882,0.0,0.35294117647058826,0.35294117647058826,0.0,0.0,0.0,0.0,0.0,0.0,0.0
#guillot-gorjus,0.0,0.0,0.0,0.0,0.0,0.0,0.0,0.0,0.0,0.0,0.0,0.0,0.0,0.0,0.0,0.0,0.0,0.0,0.0,0.0,0.0,0.0,0.25,0.0,0.75,0.0,0.0,0.0,0.0,0.0,0.0,0.0,0.0
#claudine,0.0,0.0,0.0,0.0,0.0,0.0,0.0,0.0,0.0,0.0,0.0,0.0,0.0,0.0,0.0,0.0,0.0,0.0,0.0,0.0,0.0,0.0,0.5,0.25,0.0,0.0,0.0,0.0,0.0,0.0,0.0,0.0,0.25
#thibaut,0.0,0.0,0.0,0.0,0.0,0.0,0.0,0.0,0.0,0.0,0.0,0.0,0.0,0.0,0.0,0.0,0.0,0.0,0.0,0.0,0.0,0.0,0.07142857142857142,0.0,0.07142857142857142,0.0,0.0,0.0,0.0,0.0,0.8571428571428571,0.0,0.0
#mathurine,0.0,0.0,0.0,0.0,0.0,0.0,0.0,0.0,0.0,0.0,0.0,0.0,0.0,0.0,0.0,0.0,0.0,0.0,0.0,0.0,0.0,0.0,0.07142857142857142,0.0,0.21428571428571427,0.0,0.0,0.0,0.0,0.7142857142857143,0.0,0.0,0.0
#thibaut #mathurine,0.0,0.0,0.0,0.0,0.0,0.0,0.0,0.0,0.0,0.0,0.0,0.0,0.0,0.0,0.0,0.0,0.0,0.0,0.0,0.0,0.0,0.0,0.0,0.0,1.0,0.0,0.0,0.0,0.0,0.0,0.0,0.0,0.0
#le-chevalier,0.0,0.0,0.0,0.0,0.0,0.0,0.0,0.0,0.0,0.0,0.0,0.0,0.0,0.0,0.0,0.0,0.0,0.0,0.0,0.0,0.0,0.0,0.4,0.1,0.5,0.0,0.0,0.0,0.0,0.0,0.0,0.0,0.0
