VALEUR,#murel,#pierre,#gruchet,#madame-rousselin,#miss-arabelle,#onesime,#louise,#rousselin,#tous,#marchais,#dodart,#bouvigny,#heurtelot,#hombourg,#ledru,#voinchet,#beaumesnil,#les-electeurs,#julien,#le-garde-champetre,#la-foule,#des-voix,#felicite,#le-garçon-de-cafe,#le-president,#un-electeur,#l-agriculteur,#le-mendiant
Fréquences (scènes),0.48936170212765956,0.10638297872340426,0.3191489361702128,0.1702127659574468,0.19148936170212766,0.06382978723404255,0.1276595744680851,0.723404255319149,0.10638297872340426,0.0851063829787234,0.14893617021276595,0.06382978723404255,0.0851063829787234,0.10638297872340426,0.0851063829787234,0.06382978723404255,0.06382978723404255,0.06382978723404255,0.0851063829787234,0.0851063829787234,0.02127659574468085,0.02127659574468085,0.06382978723404255,0.0425531914893617,0.02127659574468085,0.02127659574468085,0.02127659574468085,0.02127659574468085
Fréquences(répliques),0.0,0.0,0.0,0.0,0.0,0.0,0.0,1.0,0.0,0.0,0.0,0.0,0.0,0.0,0.0,0.0,0.0,0.0,0.0,0.0,0.0,0.0,0.0,0.0,0.0,0.0,0.0,0.0
Confrontation,0.10823170731707317,0.018292682926829267,0.07774390243902439,0.04420731707317073,0.038109756097560975,0.018292682926829267,0.03048780487804878,0.13871951219512196,0.04878048780487805,0.036585365853658534,0.03048780487804878,0.012195121951219513,0.042682926829268296,0.05030487804878049,0.04725609756097561,0.039634146341463415,0.039634146341463415,0.038109756097560975,0.018292682926829267,0.03201219512195122,0.004573170731707317,0.006097560975609756,0.013719512195121951,0.004573170731707317,0.019817073170731708,0.019817073170731708,0.019817073170731708,0.001524390243902439
Déviations,#murel,#pierre,#gruchet,#madame-rousselin,#miss-arabelle,#onesime,#louise,#rousselin,#tous,#marchais,#dodart,#bouvigny,#heurtelot,#hombourg,#ledru,#voinchet,#beaumesnil,#les-electeurs,#julien,#le-garde-champetre,#la-foule,#des-voix,#felicite,#le-garçon-de-cafe,#le-president,#un-electeur,#l-agriculteur,#le-mendiant
#murel,12.25531914893617,0.8555041628122108,0.9636139377119947,0.300763182238668,0.44773358001850116,0.19272278754239922,0.0013876040703052915,0.795586874897971,0.12506938020351532,0.0009250693802035179,0.05286110744020081,0.14924452667283367,0.5552728954671602,0.12506938020351532,0.5552728954671602,0.19272278754239922,0.19272278754239922,1.598519888991675,0.5552728954671602,0.4683163737280296,0.48936170212765956,0.5328399629972249,0.14924452667283367,0.9787234042553191,0.5328399629972249,0.5328399629972249,0.5328399629972249,0.48936170212765956
#pierre,0.8555041628122108,37.53191489361703,0.22241134751773048,0.8510638297872339,0.0018912529550827479,0.3191489361702127,0.6382978723404255,0.10525657071339178,0.5319148936170213,0.7755319148936171,0.08753799392097267,0.3191489361702127,0.42553191489361697,0.5319148936170213,0.42553191489361697,0.3191489361702127,0.3191489361702127,0.3191489361702127,0.42553191489361697,5.8255319148936175,0.10638297872340424,0.10638297872340424,8.852482269503549,0.21276595744680848,0.10638297872340424,0.10638297872340424,0.10638297872340424,0.10638297872340424
#gruchet,0.9636139377119954,0.22241134751773048,21.787234042553195,0.8198581560283685,0.005673758865248224,0.0018912529550827479,0.6148936170212768,0.3157697121401753,3.6224113475177306,0.05992907801418442,0.6816616008105368,0.9574468085106382,0.40992907801418427,1.235744680851064,0.05992907801418442,0.0018912529550827479,0.0018912529550827479,1.1352245862884163,0.40992907801418427,1.2765957446808511,0.3191489361702128,1.452482269503546,0.0018912529550827479,0.6382978723404256,0.3191489361702128,0.3191489361702128,0.3191489361702128,0.3191489361702128
#madame-rousselin,0.300763182238668,0.8510638297872339,0.8198581560283685,32.361702127659576,7.8513593380614655,0.46897163120567387,8.687943262411348,0.007822277847309109,0.02606382978723404,0.6808510638297872,1.1914893617021276,0.5106382978723404,0.6808510638297872,0.8510638297872339,0.6808510638297872,0.5106382978723404,0.5106382978723404,0.5106382978723404,7.899601063829787,0.6808510638297872,0.1702127659574468,0.1702127659574468,0.5106382978723404,0.3404255319148936,0.1702127659574468,0.1702127659574468,0.1702127659574468,0.1702127659574468
#miss-arabelle,0.44773358001850116,0.0018912529550827379,0.005673758865248224,7.8513593380614655,30.72340425531915,0.31520882584712384,0.6304176516942477,0.04005006257822289,0.9574468085106385,0.0715130023640662,0.08645727794663967,0.5744680851063829,0.7659574468085105,0.9574468085106385,0.7659574468085105,0.5744680851063829,0.5744680851063829,0.5744680851063829,1.9881796690307327,0.7659574468085105,0.19148936170212763,0.19148936170212763,0.5744680851063829,0.38297872340425526,0.19148936170212763,0.19148936170212763,0.19148936170212763,0.19148936170212763
#onesime,0.19272278754239922,0.3191489361702127,0.0018912529550827479,0.46897163120567387,0.31520882584712384,41.19148936170214,0.9940898345153671,0.013350020859407563,0.3191489361702127,0.2553191489361702,0.6849037487335364,3.4137115839243517,0.2553191489361702,0.3191489361702127,2.171985815602837,0.1914893617021276,0.1914893617021276,0.1914893617021276,0.2553191489361702,0.2553191489361702,0.06382978723404255,0.06382978723404255,0.1914893617021276,5.96099290780142,0.06382978723404255,0.06382978723404255,0.06382978723404255,0.06382978723404255
#louise,0.0013876040703052915,0.6382978723404255,0.6148936170212768,8.687943262411348,0.6304176516942477,0.9940898345153671,35.76595744680852,0.1002294534835212,0.2049645390070923,0.5106382978723404,0.01266464032421483,0.3829787234042552,0.5106382978723404,0.6382978723404255,0.5106382978723404,0.3829787234042552,0.3829787234042552,0.3829787234042552,0.5106382978723404,0.5106382978723404,0.1276595744680851,0.1276595744680851,0.3829787234042552,0.2553191489361702,0.1276595744680851,0.1276595744680851,0.1276595744680851,0.1276595744680851
#rousselin,0.7955868748979695,0.10525657071339178,0.3157697121401753,0.007822277847309177,0.04005006257822276,0.013350020859407563,0.1002294534835212,3.5957446808510616,0.5287859824780975,0.003911138923654588,0.7403003754693367,0.31727158948685874,0.2759699624530662,0.04055068836045053,0.42302878598247834,0.31727158948685874,0.31727158948685874,0.013350020859407563,0.2759699624530662,0.2759699624530662,0.7234042553191489,0.7234042553191489,0.6309970796829368,0.21151439299123917,0.10575719649561958,0.10575719649561958,0.10575719649561958,0.10575719649561958
#tous,0.12506938020351532,0.5319148936170213,3.6224113475177306,0.02606382978723404,0.9574468085106382,0.3191489361702127,0.2049645390070923,0.5287859824780975,37.53191489361703,0.7755319148936171,0.7446808510638298,0.3191489361702127,5.8255319148936175,11.45191489361702,5.8255319148936175,8.852482269503549,8.852482269503549,8.852482269503549,0.42553191489361697,0.7755319148936171,0.10638297872340424,0.10638297872340424,0.3191489361702127,0.21276595744680848,7.506382978723403,7.506382978723403,7.506382978723403,0.10638297872340424
#marchais,0.0009250693802035179,0.7755319148936171,0.05992907801418442,0.6808510638297872,0.0715130023640662,0.2553191489361702,0.5106382978723404,0.0039111389236545545,0.7755319148936171,39.340425531914896,3.3100303951367787,0.2553191489361702,8.090425531914894,0.7755319148936171,1.2779255319148934,2.171985815602837,2.171985815602837,2.171985815602837,0.3404255319148936,8.090425531914894,9.835106382978724,0.0851063829787234,0.2553191489361702,0.1702127659574468,9.835106382978724,9.835106382978724,9.835106382978724,0.0851063829787234
#dodart,0.05286110744020081,0.08753799392097267,0.6816616008105372,1.1914893617021276,0.08645727794663967,0.6849037487335361,0.012664640324214804,0.7403003754693367,0.7446808510638298,3.3100303951367787,34.04255319148937,5.399189463019251,0.5957446808510638,0.7446808510638298,0.27431610942249246,0.44680851063829785,0.44680851063829785,0.44680851063829785,0.5957446808510638,0.5957446808510638,0.14893617021276595,0.14893617021276595,0.44680851063829785,0.2978723404255319,0.14893617021276595,0.14893617021276595,0.14893617021276595,0.14893617021276595
#bouvigny,0.14924452667283367,0.3191489361702127,0.9574468085106382,0.5106382978723404,0.5744680851063829,3.4137115839243517,0.3829787234042552,0.31727158948685874,0.3191489361702127,0.2553191489361702,5.399189463019252,41.19148936170214,0.2553191489361702,0.3191489361702127,2.171985815602837,0.1914893617021276,0.1914893617021276,0.1914893617021276,0.2553191489361702,0.2553191489361702,0.06382978723404255,0.06382978723404255,0.1914893617021276,0.1276595744680851,0.06382978723404255,0.06382978723404255,0.06382978723404255,0.06382978723404255
#heurtelot,0.5552728954671602,0.42553191489361697,0.40992907801418427,0.6808510638297872,0.7659574468085105,0.2553191489361702,0.5106382978723404,0.27596996245306643,5.8255319148936175,8.090425531914894,0.5957446808510638,0.2553191489361702,39.340425531914896,5.8255319148936175,8.090425531914894,11.92198581560284,11.92198581560284,29.505319148936174,0.3404255319148936,8.090425531914894,9.835106382978724,0.0851063829787234,0.2553191489361702,0.1702127659574468,9.835106382978724,9.835106382978724,9.835106382978724,0.0851063829787234
#hombourg,0.12506938020351532,0.5319148936170213,1.235744680851064,0.8510638297872339,0.9574468085106382,0.3191489361702127,0.6382978723404255,0.04055068836045053,11.45191489361702,0.7755319148936171,0.7446808510638298,0.3191489361702127,5.8255319148936175,37.53191489361703,15.575531914893617,22.519148936170218,22.519148936170218,8.852482269503549,0.42553191489361697,0.7755319148936171,0.10638297872340424,7.506382978723403,1.4524822695035466,0.21276595744680848,7.506382978723403,7.506382978723403,7.506382978723403,0.10638297872340424
#ledru,0.5552728954671602,0.42553191489361697,0.05992907801418442,0.6808510638297872,0.7659574468085105,2.171985815602837,0.5106382978723404,0.4230287859824779,5.8255319148936175,1.2779255319148934,0.27431610942249246,2.171985815602837,8.090425531914894,15.575531914893617,39.340425531914896,29.505319148936174,29.505319148936174,11.92198581560284,0.3404255319148936,1.2779255319148934,0.0851063829787234,0.0851063829787234,0.2553191489361702,0.1702127659574468,9.835106382978724,9.835106382978724,9.835106382978724,0.0851063829787234
#voinchet,0.19272278754239922,0.3191489361702127,0.0018912529550827479,0.5106382978723404,0.5744680851063829,0.1914893617021276,0.3829787234042552,0.31727158948685874,8.852482269503549,2.171985815602837,0.44680851063829774,0.1914893617021276,11.92198581560284,22.519148936170218,29.505319148936174,41.19148936170214,41.19148936170214,17.080378250591025,0.2553191489361702,2.171985815602837,0.06382978723404255,0.06382978723404255,0.1914893617021276,0.1276595744680851,13.730496453900711,13.730496453900711,13.730496453900711,0.06382978723404255
#voinchet,0.19272278754239922,0.3191489361702127,0.0018912529550827479,0.5106382978723404,0.5744680851063829,0.1914893617021276,0.3829787234042552,0.31727158948685874,8.852482269503549,2.171985815602837,0.44680851063829774,0.1914893617021276,11.92198581560284,22.519148936170218,29.505319148936174,41.19148936170214,41.19148936170214,17.080378250591025,0.2553191489361702,2.171985815602837,0.06382978723404255,0.06382978723404255,0.1914893617021276,0.1276595744680851,13.730496453900711,13.730496453900711,13.730496453900711,0.06382978723404255
#les-electeurs,1.598519888991675,0.3191489361702127,1.1352245862884163,0.5106382978723404,0.5744680851063829,0.1914893617021276,0.3829787234042552,0.013350020859407563,8.852482269503549,2.171985815602837,0.44680851063829774,0.1914893617021276,29.505319148936174,8.852482269503549,11.92198581560284,17.080378250591025,17.080378250591025,41.19148936170214,0.2553191489361702,2.171985815602837,0.06382978723404255,0.06382978723404255,0.1914893617021276,0.1276595744680851,13.730496453900711,13.730496453900711,13.730496453900711,0.06382978723404255
#julien,0.5552728954671602,0.42553191489361697,0.40992907801418427,7.899601063829787,1.9881796690307327,0.2553191489361702,0.5106382978723404,0.27596996245306643,0.42553191489361697,0.3404255319148936,0.5957446808510638,0.2553191489361702,0.3404255319148936,0.42553191489361697,0.3404255319148936,0.2553191489361702,0.2553191489361702,0.2553191489361702,39.340425531914896,0.3404255319148936,0.0851063829787234,0.0851063829787234,0.2553191489361702,0.1702127659574468,0.0851063829787234,0.0851063829787234,0.0851063829787234,0.0851063829787234
#le-garde-champetre,0.4683163737280296,5.8255319148936175,1.2765957446808511,0.6808510638297872,0.7659574468085105,0.2553191489361702,0.5106382978723404,0.27596996245306643,0.7755319148936171,8.090425531914894,0.5957446808510638,0.2553191489361702,8.090425531914894,0.7755319148936171,1.2779255319148934,2.171985815602837,2.171985815602837,2.171985815602837,0.3404255319148936,39.340425531914896,9.835106382978724,0.0851063829787234,11.92198581560284,0.1702127659574468,9.835106382978724,9.835106382978724,9.835106382978724,0.0851063829787234
#la-foule,0.48936170212765956,0.10638297872340424,0.3191489361702128,0.1702127659574468,0.19148936170212763,0.06382978723404255,0.1276595744680851,0.723404255319149,0.10638297872340424,9.835106382978724,0.14893617021276595,0.06382978723404255,9.835106382978724,0.10638297872340424,0.0851063829787234,0.06382978723404255,0.06382978723404255,0.06382978723404255,0.0851063829787234,9.835106382978724,45.02127659574468,0.02127659574468085,0.06382978723404255,0.0425531914893617,0.02127659574468085,0.02127659574468085,0.02127659574468085,0.02127659574468085
#des-voix,0.5328399629972249,0.10638297872340424,1.452482269503546,0.1702127659574468,0.19148936170212763,0.06382978723404255,0.1276595744680851,0.723404255319149,0.10638297872340424,0.0851063829787234,0.14893617021276595,0.06382978723404255,0.0851063829787234,7.506382978723403,0.0851063829787234,0.06382978723404255,0.06382978723404255,0.06382978723404255,0.0851063829787234,0.0851063829787234,0.02127659574468085,45.02127659574468,13.730496453900711,0.0425531914893617,0.02127659574468085,0.02127659574468085,0.02127659574468085,0.02127659574468085
#felicite,0.14924452667283367,8.852482269503549,0.0018912529550827479,0.5106382978723404,0.5744680851063829,0.1914893617021276,0.3829787234042552,0.6309970796829368,0.3191489361702127,0.2553191489361702,0.44680851063829774,0.1914893617021276,0.2553191489361702,1.4524822695035466,0.2553191489361702,0.1914893617021276,0.1914893617021276,0.1914893617021276,0.2553191489361702,11.92198581560284,0.06382978723404255,13.730496453900711,41.19148936170214,0.1276595744680851,0.06382978723404255,0.06382978723404255,0.06382978723404255,0.06382978723404255
#le-garçon-de-cafe,0.9787234042553191,0.21276595744680848,0.6382978723404256,0.3404255319148936,0.38297872340425526,5.96099290780142,0.2553191489361702,0.21151439299123895,0.21276595744680848,0.1702127659574468,0.2978723404255319,0.1276595744680851,0.1702127659574468,0.21276595744680848,0.1702127659574468,0.1276595744680851,0.1276595744680851,0.1276595744680851,0.1702127659574468,0.1702127659574468,0.0425531914893617,0.0425531914893617,0.1276595744680851,43.08510638297873,0.0425531914893617,0.0425531914893617,0.0425531914893617,0.0425531914893617
#le-president,0.5328399629972249,0.10638297872340424,0.3191489361702128,0.1702127659574468,0.19148936170212763,0.06382978723404255,0.1276595744680851,0.10575719649561947,7.506382978723403,9.835106382978724,0.14893617021276595,0.06382978723404255,9.835106382978724,7.506382978723403,9.835106382978724,13.730496453900711,13.730496453900711,13.730496453900711,0.0851063829787234,9.835106382978724,0.02127659574468085,0.02127659574468085,0.06382978723404255,0.0425531914893617,45.02127659574468,45.02127659574468,45.02127659574468,0.02127659574468085
#le-president,0.5328399629972249,0.10638297872340424,0.3191489361702128,0.1702127659574468,0.19148936170212763,0.06382978723404255,0.1276595744680851,0.10575719649561947,7.506382978723403,9.835106382978724,0.14893617021276595,0.06382978723404255,9.835106382978724,7.506382978723403,9.835106382978724,13.730496453900711,13.730496453900711,13.730496453900711,0.0851063829787234,9.835106382978724,0.02127659574468085,0.02127659574468085,0.06382978723404255,0.0425531914893617,45.02127659574468,45.02127659574468,45.02127659574468,0.02127659574468085
#le-president,0.5328399629972249,0.10638297872340424,0.3191489361702128,0.1702127659574468,0.19148936170212763,0.06382978723404255,0.1276595744680851,0.10575719649561947,7.506382978723403,9.835106382978724,0.14893617021276595,0.06382978723404255,9.835106382978724,7.506382978723403,9.835106382978724,13.730496453900711,13.730496453900711,13.730496453900711,0.0851063829787234,9.835106382978724,0.02127659574468085,0.02127659574468085,0.06382978723404255,0.0425531914893617,45.02127659574468,45.02127659574468,45.02127659574468,0.02127659574468085
#le-mendiant,0.48936170212765956,0.10638297872340424,0.3191489361702128,0.1702127659574468,0.19148936170212763,0.06382978723404255,0.1276595744680851,0.10575719649561947,0.10638297872340424,0.0851063829787234,0.14893617021276595,0.06382978723404255,0.0851063829787234,0.10638297872340424,0.0851063829787234,0.06382978723404255,0.06382978723404255,0.06382978723404255,0.0851063829787234,0.0851063829787234,0.02127659574468085,0.02127659574468085,0.06382978723404255,0.0425531914893617,0.02127659574468085,0.02127659574468085,0.02127659574468085,45.02127659574468
Successions,#murel,#pierre,#gruchet,#madame-rousselin,#miss-arabelle,#onesime,#louise,#rousselin,#tous,#marchais,#dodart,#bouvigny,#heurtelot,#hombourg,#ledru,#voinchet,#beaumesnil,#les-electeurs,#julien,#le-garde-champetre,#la-foule,#des-voix,#felicite,#le-garçon-de-cafe,#le-president,#un-electeur,#l-agriculteur,#le-mendiant
#murel,0.008658008658008658,0.03463203463203463,0.2987012987012987,0.021645021645021644,0.0735930735930736,0.012987012987012988,0.008658008658008658,0.44155844155844154,0.0,0.004329004329004329,0.008658008658008658,0.008658008658008658,0.008658008658008658,0.008658008658008658,0.008658008658008658,0.004329004329004329,0.0,0.008658008658008658,0.03896103896103896,0.0,0.0,0.0,0.0,0.0,0.0,0.0,0.0,0.0
#pierre,0.3333333333333333,0.0,0.041666666666666664,0.0,0.0,0.0,0.0,0.20833333333333334,0.0,0.0,0.041666666666666664,0.0,0.0,0.0,0.0,0.0,0.0,0.0,0.041666666666666664,0.08333333333333333,0.0,0.0,0.25,0.0,0.0,0.0,0.0,0.0
#gruchet,0.4827586206896552,0.006896551724137931,0.0,0.020689655172413793,0.020689655172413793,0.020689655172413793,0.0,0.33793103448275863,0.0,0.0,0.013793103448275862,0.0,0.0,0.027586206896551724,0.0,0.0,0.0,0.0,0.05517241379310345,0.0,0.0,0.0,0.013793103448275862,0.0,0.0,0.0,0.0,0.0
#madame-rousselin,0.1346153846153846,0.0,0.038461538461538464,0.0,0.11538461538461539,0.1346153846153846,0.057692307692307696,0.17307692307692307,0.0,0.0,0.0,0.0,0.0,0.0,0.0,0.0,0.0,0.0,0.34615384615384615,0.0,0.0,0.0,0.0,0.0,0.0,0.0,0.0,0.0
#miss-arabelle,0.4857142857142857,0.0,0.05714285714285714,0.08571428571428572,0.0,0.0,0.0,0.3142857142857143,0.0,0.0,0.0,0.0,0.0,0.0,0.0,0.0,0.0,0.0,0.05714285714285714,0.0,0.0,0.0,0.0,0.0,0.0,0.0,0.0,0.0
#onesime,0.08333333333333333,0.0,0.125,0.3333333333333333,0.0,0.0,0.0,0.4166666666666667,0.0,0.0,0.0,0.0,0.0,0.0,0.0,0.0,0.0,0.0,0.0,0.0,0.0,0.0,0.0,0.041666666666666664,0.0,0.0,0.0,0.0
#louise,0.13043478260869565,0.0,0.0,0.08695652173913043,0.0,0.0,0.0,0.782608695652174,0.0,0.0,0.0,0.0,0.0,0.0,0.0,0.0,0.0,0.0,0.0,0.0,0.0,0.0,0.0,0.0,0.0,0.0,0.0,0.0
#rousselin,0.2616580310880829,0.018134715025906734,0.12694300518134716,0.025906735751295335,0.02072538860103627,0.025906735751295335,0.046632124352331605,0.015544041450777202,0.025906735751295335,0.025906735751295335,0.10621761658031088,0.09585492227979274,0.018134715025906734,0.046632124352331605,0.038860103626943004,0.015544041450777202,0.025906735751295335,0.0051813471502590676,0.012953367875647668,0.0051813471502590676,0.0,0.0,0.0051813471502590676,0.0025906735751295338,0.0025906735751295338,0.007772020725388601,0.0051813471502590676,0.012953367875647668
#tous,0.0625,0.0,0.125,0.0,0.0,0.0,0.0,0.3125,0.0,0.0625,0.0,0.0,0.25,0.0625,0.0625,0.0,0.0,0.0,0.0,0.0625,0.0,0.0,0.0,0.0,0.0,0.0,0.0,0.0
#marchais,0.0,0.0,0.0,0.0,0.0,0.0,0.0,0.36,0.0,0.0,0.08,0.0,0.28,0.0,0.0,0.0,0.12,0.0,0.0,0.12,0.0,0.0,0.0,0.0,0.0,0.0,0.04,0.0
#dodart,0.0392156862745098,0.0,0.0196078431372549,0.0,0.0196078431372549,0.0,0.0,0.8823529411764706,0.0,0.0196078431372549,0.0,0.0196078431372549,0.0,0.0,0.0,0.0,0.0,0.0,0.0,0.0,0.0,0.0,0.0,0.0,0.0,0.0,0.0,0.0
#bouvigny,0.07142857142857142,0.0,0.023809523809523808,0.0,0.0,0.023809523809523808,0.0,0.7857142857142857,0.0,0.0,0.07142857142857142,0.0,0.0,0.0,0.023809523809523808,0.0,0.0,0.0,0.0,0.0,0.0,0.0,0.0,0.0,0.0,0.0,0.0,0.0
#heurtelot,0.13793103448275862,0.0,0.0,0.0,0.0,0.0,0.0,0.41379310344827586,0.0,0.1724137931034483,0.0,0.0,0.0,0.0,0.06896551724137931,0.034482758620689655,0.0,0.0,0.0,0.13793103448275862,0.034482758620689655,0.0,0.0,0.0,0.0,0.0,0.0,0.0
#hombourg,0.0,0.0,0.17857142857142858,0.0,0.0,0.0,0.0,0.6071428571428571,0.0,0.0,0.0,0.0,0.07142857142857142,0.0,0.0,0.07142857142857142,0.0,0.0,0.0,0.03571428571428571,0.0,0.0,0.0,0.0,0.03571428571428571,0.0,0.0,0.0
#ledru,0.04,0.0,0.0,0.0,0.0,0.0,0.0,0.56,0.0,0.12,0.0,0.08,0.12,0.0,0.0,0.04,0.04,0.0,0.0,0.0,0.0,0.0,0.0,0.0,0.0,0.0,0.0,0.0
#voinchet,0.0,0.0,0.0,0.0,0.0,0.0,0.0,0.5714285714285714,0.0,0.0,0.0,0.0,0.07142857142857142,0.07142857142857142,0.14285714285714285,0.0,0.0,0.0,0.0,0.0,0.0,0.0,0.0,0.0,0.14285714285714285,0.0,0.0,0.0
#beaumesnil,0.0,0.0,0.0,0.0,0.0,0.0,0.0,0.7333333333333333,0.0,0.0,0.0,0.0,0.0,0.0,0.13333333333333333,0.13333333333333333,0.0,0.0,0.0,0.0,0.0,0.0,0.0,0.0,0.0,0.0,0.0,0.0
#les-electeurs,0.4,0.0,0.0,0.0,0.0,0.0,0.0,0.2,0.0,0.2,0.0,0.0,0.0,0.0,0.0,0.0,0.0,0.2,0.0,0.0,0.0,0.0,0.0,0.0,0.0,0.0,0.0,0.0
#julien,0.16279069767441862,0.0,0.20930232558139536,0.4883720930232558,0.0,0.0,0.0,0.13953488372093023,0.0,0.0,0.0,0.0,0.0,0.0,0.0,0.0,0.0,0.0,0.0,0.0,0.0,0.0,0.0,0.0,0.0,0.0,0.0,0.0
#le-garde-champetre,0.06666666666666667,0.13333333333333333,0.0,0.0,0.0,0.0,0.0,0.13333333333333333,0.06666666666666667,0.13333333333333333,0.0,0.0,0.2,0.0,0.0,0.0,0.0,0.0,0.0,0.0,0.0,0.0,0.0,0.0,0.26666666666666666,0.0,0.0,0.0
#la-foule,0.0,0.0,0.0,0.0,0.0,0.0,0.0,0.0,0.0,0.0,0.0,0.0,0.0,0.0,0.0,0.0,0.0,0.0,0.0,1.0,0.0,0.0,0.0,0.0,0.0,0.0,0.0,0.0
#des-voix,1.0,0.0,0.0,0.0,0.0,0.0,0.0,0.0,0.0,0.0,0.0,0.0,0.0,0.0,0.0,0.0,0.0,0.0,0.0,0.0,0.0,0.0,0.0,0.0,0.0,0.0,0.0,0.0
#felicite,0.0,0.6,0.1,0.0,0.0,0.0,0.0,0.2,0.0,0.0,0.0,0.0,0.0,0.0,0.0,0.0,0.0,0.0,0.0,0.0,0.0,0.1,0.0,0.0,0.0,0.0,0.0,0.0
#le-garçon-de-cafe,0.0,0.0,0.0,0.0,0.0,0.0,0.0,1.0,0.0,0.0,0.0,0.0,0.0,0.0,0.0,0.0,0.0,0.0,0.0,0.0,0.0,0.0,0.0,0.0,0.0,0.0,0.0,0.0
#le-president,0.0,0.0,0.0,0.0,0.0,0.0,0.0,0.125,0.5,0.0,0.0,0.0,0.0,0.125,0.0,0.0,0.125,0.0,0.0,0.125,0.0,0.0,0.0,0.0,0.0,0.0,0.0,0.0
#un-electeur,0.0,0.0,0.0,0.0,0.0,0.0,0.0,0.3333333333333333,0.0,0.0,0.0,0.0,0.0,0.3333333333333333,0.0,0.3333333333333333,0.0,0.0,0.0,0.0,0.0,0.0,0.0,0.0,0.0,0.0,0.0,0.0
#l-agriculteur,0.0,0.0,0.0,0.0,0.0,0.0,0.0,0.6666666666666666,0.0,0.3333333333333333,0.0,0.0,0.0,0.0,0.0,0.0,0.0,0.0,0.0,0.0,0.0,0.0,0.0,0.0,0.0,0.0,0.0,0.0
#le-garçon-de-cafe,0.0,0.0,0.0,0.0,0.0,0.0,0.0,1.0,0.0,0.0,0.0,0.0,0.0,0.0,0.0,0.0,0.0,0.0,0.0,0.0,0.0,0.0,0.0,0.0,0.0,0.0,0.0,0.0
