VALEUR,#marianne,#helene,#genevieve,#therese,#le-prieur,#madame-dumond,#mimi,#monique,#basile,#genevieve #monique,#le-seigneur
Fréquences (scènes),0.6,0.7333333333333333,0.4,0.3333333333333333,0.26666666666666666,0.2,0.2,0.4,0.06666666666666667,0.06666666666666667,0.06666666666666667
Fréquences(répliques),0.0,0.0,0.0,0.0,0.0,0.0,0.0,0.0,0.0,0.0,0.0
Confrontation,0.10493827160493827,0.14814814814814814,0.12345679012345678,0.07407407407407407,0.10493827160493827,0.09259259259259259,0.09259259259259259,0.12962962962962962,0.043209876543209874,0.043209876543209874,0.043209876543209874
Déviations,#marianne,#helene,#genevieve,#therese,#le-prieur,#madame-dumond,#mimi,#monique,#basile,#genevieve #monique,#le-seigneur
#marianne,2.4000000000000012,0.05454545454545449,0.04444444444444442,0.0,2.4,1.8,1.8,0.04444444444444442,0.6,0.6,0.6
#helene,0.05454545454545449,1.0666666666666669,0.036363636363636424,0.12121212121212116,0.0015151515151515247,0.018181818181818212,0.018181818181818212,0.036363636363636424,0.7333333333333333,0.7333333333333333,0.7333333333333333
#genevieve,0.04444444444444453,0.03636363636363627,5.399999999999998,0.0,0.09999999999999995,0.03333333333333339,0.03333333333333339,0.1499999999999998,0.8999999999999999,0.8999999999999999,0.8999999999999999
#therese,0.0,0.12121212121212116,0.0,6.666666666666668,0.0833333333333333,0.0,0.0,0.5,0.3333333333333333,0.3333333333333333,0.3333333333333333
#le-prieur,2.4,0.0015151515151515247,0.09999999999999995,0.0833333333333333,8.066666666666668,6.050000000000001,6.050000000000001,0.09999999999999995,2.016666666666667,2.016666666666667,2.016666666666667
#madame-dumond,1.7999999999999998,0.018181818181818136,0.03333333333333339,0.0,6.050000000000001,9.599999999999998,9.599999999999998,0.533333333333333,3.2000000000000006,3.2000000000000006,3.2000000000000006
#madame-dumond,1.7999999999999998,0.018181818181818136,0.03333333333333339,0.0,6.050000000000001,9.599999999999998,9.599999999999998,0.533333333333333,3.2000000000000006,3.2000000000000006,3.2000000000000006
#monique,0.04444444444444453,0.03636363636363627,0.1499999999999998,0.5,0.09999999999999995,0.533333333333333,0.533333333333333,5.399999999999998,0.8999999999999999,0.8999999999999999,0.8999999999999999
#basile,0.6,0.7333333333333333,0.8999999999999999,0.3333333333333333,2.016666666666667,3.2000000000000006,3.2000000000000006,0.8999999999999999,13.066666666666668,13.066666666666668,13.066666666666668
#basile,0.6,0.7333333333333333,0.8999999999999999,0.3333333333333333,2.016666666666667,3.2000000000000006,3.2000000000000006,0.8999999999999999,13.066666666666668,13.066666666666668,13.066666666666668
#basile,0.6,0.7333333333333333,0.8999999999999999,0.3333333333333333,2.016666666666667,3.2000000000000006,3.2000000000000006,0.8999999999999999,13.066666666666668,13.066666666666668,13.066666666666668
Successions,#marianne,#helene,#genevieve,#therese,#le-prieur,#madame-dumond,#mimi,#monique,#basile,#genevieve #monique,#le-seigneur
#marianne,0.05128205128205128,0.3076923076923077,0.28205128205128205,0.15384615384615385,0.0,0.0,0.0,0.20512820512820512,0.0,0.0,0.0
#helene,0.19402985074626866,0.0,0.31343283582089554,0.208955223880597,0.07462686567164178,0.014925373134328358,0.014925373134328358,0.1791044776119403,0.0,0.0,0.0
#genevieve,0.140625,0.296875,0.0,0.140625,0.21875,0.0,0.0,0.203125,0.0,0.0,0.0
#therese,0.3,0.43333333333333335,0.23333333333333334,0.0,0.0,0.0,0.0,0.03333333333333333,0.0,0.0,0.0
#le-prieur,0.0,0.0851063829787234,0.2978723404255319,0.0,0.02127659574468085,0.2765957446808511,0.06382978723404255,0.23404255319148937,0.0,0.0,0.02127659574468085
#madame-dumond,0.0,0.0,0.0,0.0,0.5172413793103449,0.0,0.3103448275862069,0.1724137931034483,0.0,0.0,0.0
#mimi,0.0,0.14285714285714285,0.0,0.07142857142857142,0.0,0.5714285714285714,0.0,0.14285714285714285,0.0,0.0,0.07142857142857142
#monique,0.10714285714285714,0.30357142857142855,0.19642857142857142,0.0,0.21428571428571427,0.10714285714285714,0.017857142857142856,0.0,0.0,0.017857142857142856,0.03571428571428571
#basile,0.5,0.0,0.0,0.0,0.0,0.0,0.0,0.5,0.0,0.0,0.0
#genevieve #monique,0.0,0.0,0.0,0.0,0.0,0.0,0.0,0.0,1.0,0.0,0.0
#le-seigneur,0.0,0.0,0.0,0.0,0.0,0.0,0.0,0.75,0.25,0.0,0.0
