VALEUR,#suzann,#suzanne,#figaro,#begearss,#almaviva,#le-comte,#leon,#florestine,#madame-almaviva,#guillaume,#madame-almavivava,#figaro #madaem-almaviva #suzanne,#monsieur-fal
Fréquences (scènes),0.014084507042253521,0.28169014084507044,0.30985915492957744,0.4507042253521127,0.4084507042253521,0.014084507042253521,0.28169014084507044,0.16901408450704225,0.352112676056338,0.028169014084507043,0.014084507042253521,0.014084507042253521,0.04225352112676056
Fréquences(répliques),0.0,0.0,0.0,0.0,0.0,0.0,0.0,0.0,0.0,0.0,0.0,0.0,0.0
Confrontation,0.0,0.10982658959537572,0.13583815028901733,0.1531791907514451,0.18208092485549132,0.002890173410404624,0.13583815028901733,0.08092485549132948,0.1329479768786127,0.011560693641618497,0.005780346820809248,0.014450867052023121,0.03468208092485549
Déviations,#suzann,#suzanne,#figaro,#begearss,#almaviva,#le-comte,#leon,#florestine,#madame-almaviva,#guillaume,#madame-almavivava,#figaro #madaem-almaviva #suzanne,#monsieur-fal
#suzann,69.01408450704226,0.28169014084507044,0.30985915492957744,0.4507042253521127,0.4084507042253521,0.014084507042253521,0.28169014084507044,0.16901408450704225,0.352112676056338,0.028169014084507043,0.014084507042253521,0.014084507042253521,0.04225352112676056
#suzanne,0.28169014084507044,36.63380281690141,0.006274007682458371,0.1140845070422536,0.0034968431277318996,0.28169014084507044,0.07130281690140855,1.6761150234741784,0.0002535211267605574,0.5633802816901409,1.83169014084507,1.83169014084507,0.028403755868544607
#figaro,0.3098591549295775,0.0062740076824584256,33.816901408450704,0.0007202304737515834,0.45143273433705705,0.3098591549295775,0.10400128040973095,0.138764404609475,1.8119334186939817,3.0742637644046087,0.3098591549295775,1.5371318822023043,4.611395646606915
#begearss,0.4507042253521127,0.1140845070422536,0.0007202304737516138,21.4225352112676,0.28486219038368127,0.6694542253521125,1.0078345070422539,0.36678403755868544,1.6163556338028164,0.010783450704225346,0.4507042253521127,0.4507042253521127,0.09169600938967136
#almaviva,0.4084507042253521,0.0034968431277318996,0.45143273433705705,0.28486219038368127,24.845070422535205,0.4084507042253521,0.41039339485186993,0.24623603691112203,0.14368139873725094,0.8169014084507042,0.4084507042253521,0.8567265662943175,2.5701796988829533
#le-comte,0.014084507042253521,0.28169014084507044,0.30985915492957744,0.6694542253521125,0.4084507042253521,69.01408450704226,0.28169014084507044,0.16901408450704225,0.352112676056338,0.028169014084507043,0.014084507042253521,0.014084507042253521,0.04225352112676056
#leon,0.28169014084507044,0.07130281690140855,0.1040012804097312,1.0078345070422539,0.41039339485186993,0.28169014084507044,36.63380281690141,3.8761150234741786,0.5442535211267608,0.5633802816901409,0.28169014084507044,1.83169014084507,1.5784037558685446
#florestine,0.16901408450704225,1.6761150234741784,0.13876440460947484,0.36678403755868544,0.24623603691112164,0.16901408450704225,3.8761150234741786,49.0281690140845,0.7453521126760567,0.3380281690140845,0.16901408450704225,0.16901408450704225,0.479264475743349
#madame-almaviva,0.35211267605633806,0.000253521126760568,1.8119334186939817,1.6163556338028175,0.14368139873725133,0.35211267605633806,0.5442535211267603,0.7453521126760567,29.80281690140846,0.12422535211267599,1.192112676056338,1.192112676056338,0.0030046948356807434
#guillaume,0.028169014084507043,0.5633802816901409,3.074263764404609,0.010783450704225346,0.8169014084507042,0.028169014084507043,0.5633802816901409,0.3380281690140845,0.12422535211267612,67.05633802816902,0.028169014084507043,0.028169014084507043,0.08450704225352113
#madame-almavivava,0.014084507042253521,1.83169014084507,0.30985915492957744,0.4507042253521127,0.4084507042253521,0.014084507042253521,0.28169014084507044,0.16901408450704225,1.1921126760563383,0.028169014084507043,69.01408450704226,0.014084507042253521,0.04225352112676056
#figaro #madaem-almaviva #suzanne,0.014084507042253521,1.83169014084507,1.5371318822023046,0.4507042253521127,0.8567265662943175,0.014084507042253521,1.83169014084507,0.16901408450704225,1.1921126760563383,0.028169014084507043,0.014084507042253521,69.01408450704226,0.04225352112676056
#monsieur-fal,0.04225352112676056,0.028403755868544607,4.611395646606916,0.09169600938967136,2.570179698882952,0.04225352112676056,1.5784037558685446,0.479264475743349,0.0030046948356807434,0.08450704225352113,0.04225352112676056,0.04225352112676056,65.12676056338029
Successions,#suzann,#suzanne,#figaro,#begearss,#almaviva,#le-comte,#leon,#florestine,#madame-almaviva,#guillaume,#madame-almavivava,#figaro #madaem-almaviva #suzanne,#monsieur-fal
#suzann,,,,,,,,,,,,,
#suzanne,0.012345679012345678,0.0,0.2839506172839506,0.4444444444444444,0.1111111111111111,0.0,0.037037037037037035,0.0,0.09876543209876543,0.0,0.012345679012345678,0.0,0.0
#figaro,0.0,0.19672131147540983,0.00819672131147541,0.22131147540983606,0.32786885245901637,0.0,0.09836065573770492,0.0,0.01639344262295082,0.10655737704918032,0.0,0.0,0.02459016393442623
#begearss,0.0,0.21951219512195122,0.21341463414634146,0.018292682926829267,0.25609756097560976,0.012195121951219513,0.08536585365853659,0.024390243902439025,0.1524390243902439,0.0,0.0,0.0,0.018292682926829267
#almaviva,0.0,0.08496732026143791,0.20915032679738563,0.28104575163398693,0.0392156862745098,0.0,0.0784313725490196,0.0457516339869281,0.24183006535947713,0.0,0.0,0.006535947712418301,0.013071895424836602
#le-comte,0.0,0.0,0.5,0.5,0.0,0.0,0.0,0.0,0.0,0.0,0.0,0.0,0.0
#leon,0.0,0.016666666666666666,0.16666666666666666,0.26666666666666666,0.23333333333333334,0.0,0.016666666666666666,0.16666666666666666,0.13333333333333333,0.0,0.0,0.0,0.0
#florestine,0.0,0.0,0.0,0.21212121212121213,0.12121212121212122,0.0,0.36363636363636365,0.0,0.30303030303030304,0.0,0.0,0.0,0.0
#madame-almaviva,0.0,0.07446808510638298,0.02127659574468085,0.2872340425531915,0.3723404255319149,0.0,0.06382978723404255,0.1276595744680851,0.0425531914893617,0.010638297872340425,0.0,0.0,0.0
#guillaume,0.0,0.0,0.9285714285714286,0.07142857142857142,0.0,0.0,0.0,0.0,0.0,0.0,0.0,0.0,0.0
#madame-almavivava,0.0,0.0,0.0,1.0,0.0,0.0,0.0,0.0,0.0,0.0,0.0,0.0,0.0
#figaro #madaem-almaviva #suzanne,0.0,0.0,0.0,0.0,1.0,0.0,0.0,0.0,0.0,0.0,0.0,0.0,0.0
#monsieur-fal,0.0,0.0,0.5,0.25,0.25,0.0,0.0,0.0,0.0,0.0,0.0,0.0,0.0
