VALEUR,#dame-paque,#maitre-bernard,#perillo,#carmosine,#ser-vespasiano,#minuccio,#un-domestique,#l-officier,#le-roi,#la-reine,#premiere-demoiselle,#deuxieme-demoiselle,#troisieme-demoiselle,#les-demoiselles,#michel
Fréquences (scènes),0.28,0.44,0.36,0.44,0.32,0.44,0.04,0.08,0.16,0.24,0.04,0.04,0.04,0.04,0.04
Fréquences(répliques),0.0,0.0,0.0,0.0,0.0,1.0,0.0,0.0,0.0,0.0,0.0,0.0,0.0,0.0,0.0
Confrontation,0.07476635514018691,0.1261682242990654,0.06074766355140187,0.12149532710280374,0.1261682242990654,0.14953271028037382,0.02336448598130841,0.014018691588785047,0.07476635514018691,0.09345794392523364,0.03271028037383177,0.03271028037383177,0.03271028037383177,0.03271028037383177,0.004672897196261682
Déviations,#dame-paque,#maitre-bernard,#perillo,#carmosine,#ser-vespasiano,#minuccio,#un-domestique,#l-officier,#le-roi,#la-reine,#premiere-demoiselle,#deuxieme-demoiselle,#troisieme-demoiselle,#les-demoiselles,#michel
#dame-paque,12.959999999999992,1.196883116883116,0.9168253968253969,0.27480519480519444,1.3828571428571426,1.4046753246753252,1.8514285714285712,0.56,1.12,1.6800000000000002,0.28,0.28,0.28,0.28,0.28
#maitre-bernard,1.1968831168831169,7.84,0.23272727272727273,0.9639669421487604,0.07681818181818183,0.005289256198347117,0.7127272727272729,0.88,0.3281818181818182,0.155151515151515,0.44,0.44,0.44,0.44,0.44
#perillo,0.9168253968253972,0.23272727272727273,10.24,0.97010101010101,1.2272222222222222,0.23272727272727273,0.36,0.10888888888888891,0.13444444444444442,0.622962962962963,0.36,0.36,0.36,0.36,0.36
#carmosine,0.2748051948051947,0.9639669421487604,0.97010101010101,7.84,0.06545454545454545,0.005289256198347117,0.7127272727272729,0.88,0.3281818181818182,0.155151515151515,0.44,0.44,0.44,0.44,0.44
#ser-vespasiano,1.3828571428571426,0.07681818181818183,1.2272222222222222,0.06545454545454545,11.559999999999997,0.6222727272727272,1.4449999999999996,0.20249999999999999,0.40499999999999997,0.0033333333333333396,1.4449999999999996,1.4449999999999996,1.4449999999999996,1.4449999999999996,0.32
#minuccio,1.4046753246753247,0.005289256198347117,0.23272727272727273,0.005289256198347117,0.6222727272727272,7.84,0.7127272727272729,0.01636363636363636,0.8736363636363637,0.700606060606061,0.7127272727272729,0.7127272727272729,0.7127272727272729,0.7127272727272729,0.44
#un-domestique,1.8514285714285712,0.7127272727272729,0.36,0.7127272727272729,1.4449999999999996,0.7127272727272729,23.04,0.08,0.16,0.24,0.04,0.04,0.04,0.04,0.04
#l-officier,0.56,0.88,0.10888888888888891,0.88,0.20249999999999999,0.01636363636363636,0.08,21.16,0.32,0.48,0.08,0.08,0.08,0.08,0.08
#le-roi,1.12,0.3281818181818182,0.13444444444444442,0.3281818181818182,0.40499999999999997,0.8736363636363637,0.16,0.32,17.639999999999997,9.626666666666667,4.409999999999999,4.409999999999999,4.409999999999999,4.409999999999999,0.16
#la-reine,1.6800000000000002,0.1551515151515152,0.622962962962963,0.1551515151515152,0.0033333333333333396,0.7006060606060605,0.24,0.48,9.626666666666667,14.440000000000005,2.4066666666666667,2.4066666666666667,2.4066666666666667,2.4066666666666667,2.4066666666666667
#premiere-demoiselle,0.28,0.44,0.36,0.44,1.4449999999999996,0.7127272727272729,0.04,0.08,4.409999999999999,2.4066666666666667,23.04,23.04,23.04,23.04,0.04
#premiere-demoiselle,0.28,0.44,0.36,0.44,1.4449999999999996,0.7127272727272729,0.04,0.08,4.409999999999999,2.4066666666666667,23.04,23.04,23.04,23.04,0.04
#premiere-demoiselle,0.28,0.44,0.36,0.44,1.4449999999999996,0.7127272727272729,0.04,0.08,4.409999999999999,2.4066666666666667,23.04,23.04,23.04,23.04,0.04
#premiere-demoiselle,0.28,0.44,0.36,0.44,1.4449999999999996,0.7127272727272729,0.04,0.08,4.409999999999999,2.4066666666666667,23.04,23.04,23.04,23.04,0.04
#michel,0.28,0.44,0.36,0.44,0.32,0.44,0.04,0.08,0.16,2.4066666666666667,0.04,0.04,0.04,0.04,23.04
Successions,#dame-paque,#maitre-bernard,#perillo,#carmosine,#ser-vespasiano,#minuccio,#un-domestique,#l-officier,#le-roi,#la-reine,#premiere-demoiselle,#deuxieme-demoiselle,#troisieme-demoiselle,#les-demoiselles,#michel
#dame-paque,0.0,0.5405405405405406,0.0,0.08108108108108109,0.35135135135135137,0.02702702702702703,0.0,0.0,0.0,0.0,0.0,0.0,0.0,0.0,0.0
#maitre-bernard,0.2289156626506024,0.0,0.1927710843373494,0.3614457831325301,0.04819277108433735,0.12048192771084337,0.0,0.0,0.04819277108433735,0.0,0.0,0.0,0.0,0.0,0.0
#perillo,0.014285714285714285,0.2,0.0,0.24285714285714285,0.07142857142857142,0.2714285714285714,0.0,0.014285714285714285,0.17142857142857143,0.014285714285714285,0.0,0.0,0.0,0.0,0.0
#carmosine,0.04424778761061947,0.25663716814159293,0.13274336283185842,0.008849557522123894,0.061946902654867256,0.07964601769911504,0.008849557522123894,0.0,0.035398230088495575,0.37168141592920356,0.0,0.0,0.0,0.0,0.0
#ser-vespasiano,0.17567567567567569,0.06756756756756757,0.06756756756756757,0.0945945945945946,0.0,0.32432432432432434,0.0,0.013513513513513514,0.04054054054054054,0.06756756756756757,0.06756756756756757,0.04054054054054054,0.013513513513513514,0.02702702702702703,0.0
#minuccio,0.0,0.12359550561797752,0.21348314606741572,0.11235955056179775,0.2696629213483146,0.0,0.0,0.0,0.1797752808988764,0.0898876404494382,0.0,0.011235955056179775,0.0,0.0,0.0
#un-domestique,0.0,0.0,0.0,0.0,1.0,0.0,0.0,0.0,0.0,0.0,0.0,0.0,0.0,0.0,0.0
#l-officier,0.0,0.0,1.0,0.0,0.0,0.0,0.0,0.0,0.0,0.0,0.0,0.0,0.0,0.0,0.0
#le-roi,0.0,0.07142857142857142,0.21428571428571427,0.05357142857142857,0.05357142857142857,0.26785714285714285,0.0,0.0,0.03571428571428571,0.2857142857142857,0.0,0.0,0.017857142857142856,0.0,0.0
#la-reine,0.0,0.0,0.012658227848101266,0.5316455696202531,0.0759493670886076,0.11392405063291139,0.0,0.0,0.17721518987341772,0.012658227848101266,0.0,0.0,0.02531645569620253,0.0,0.05063291139240506
#premiere-demoiselle,0.0,0.0,0.0,0.0,0.625,0.0,0.0,0.0,0.125,0.125,0.0,0.0,0.125,0.0,0.0
#deuxieme-demoiselle,0.0,0.0,0.0,0.0,0.5714285714285714,0.0,0.0,0.0,0.0,0.0,0.42857142857142855,0.0,0.0,0.0,0.0
#troisieme-demoiselle,0.0,0.0,0.0,0.0,0.2,0.2,0.0,0.0,0.0,0.0,0.0,0.6,0.0,0.0,0.0
#les-demoiselles,0.0,0.0,0.0,0.0,0.5,0.5,0.0,0.0,0.0,0.0,0.0,0.0,0.0,0.0,0.0
#michel,0.0,0.0,0.0,0.0,0.0,0.0,0.0,0.0,0.0,1.0,0.0,0.0,0.0,0.0,0.0
