VALEUR,#caïphe,#pilate,#madeleine,#jesus,#un-docteur,#le-bourgeois,#un-pretre,#zeline,#un-autre-docteur,#un-negociant,#un-bourgeois,#la-femme,#le-disciple,#pierre,#un-disciple,#judas,#le-docteur,#le-peuple,#le-pretre,#un-membre-de-la-suite-de-caïphe,#l-un-d-eux
Fréquences (scènes),0.17543859649122806,0.21052631578947367,0.19298245614035087,0.2982456140350877,0.08771929824561403,0.017543859649122806,0.10526315789473684,0.017543859649122806,0.017543859649122806,0.05263157894736842,0.07017543859649122,0.017543859649122806,0.03508771929824561,0.12280701754385964,0.05263157894736842,0.03508771929824561,0.017543859649122806,0.03508771929824561,0.017543859649122806,0.017543859649122806,0.017543859649122806
Fréquences(répliques),0.10376044568245125,0.27298050139275765,0.12395543175487465,0.2116991643454039,0.028551532033426183,0.004178272980501393,0.057103064066852366,0.006963788300835654,0.00766016713091922,0.022284122562674095,0.05153203342618384,0.001392757660167131,0.004178272980501393,0.04874651810584958,0.018105849582172703,0.00766016713091922,0.003481894150417827,0.003481894150417827,0.008356545961002786,0.005571030640668524,0.008356545961002786
Confrontation,0.10465116279069768,0.1511627906976744,0.05813953488372093,0.20930232558139536,0.08139534883720931,0.011627906976744186,0.046511627906976744,0.011627906976744186,0.023255813953488372,0.011627906976744186,0.011627906976744186,0.011627906976744186,0.023255813953488372,0.09302325581395349,0.023255813953488372,0.03488372093023256,0.023255813953488372,0.05813953488372093,0.0,0.011627906976744186,0.0
Déviations,#caïphe,#pilate,#madeleine,#jesus,#un-docteur,#le-bourgeois,#un-pretre,#zeline,#un-autre-docteur,#un-negociant,#un-bourgeois,#la-femme,#le-disciple,#pierre,#un-disciple,#judas,#le-docteur,#le-peuple,#le-pretre,#un-membre-de-la-suite-de-caïphe,#l-un-d-eux
#caïphe,38.75438596491228,0.38026315789473697,1.9298245614035086,0.32363261093911244,0.8771929824561403,0.17543859649122806,0.8526315789473685,0.17543859649122806,0.17543859649122806,0.5263157894736842,0.7017543859649122,0.17543859649122806,0.3508771929824561,1.2280701754385963,0.5263157894736842,0.3508771929824561,0.17543859649122806,1.2008771929824562,0.17543859649122806,3.875438596491229,0.17543859649122806
#pilate,0.38026315789473697,35.526315789473685,0.7476076555023925,1.8583591331269345,0.0026315789473684154,0.21052631578947367,1.263157894736842,0.21052631578947367,2.960526315789474,0.21491228070175444,0.8421052631578947,0.21052631578947367,0.42105263157894735,0.1522556390977443,0.21491228070175444,0.7960526315789475,0.21052631578947367,5.921052631578948,0.21052631578947367,0.21052631578947367,0.21052631578947367
#madeleine,1.9298245614035086,0.7476076555023925,37.12280701754386,0.4999530912843606,0.9649122807017543,0.19298245614035087,1.1578947368421053,3.3748006379585336,0.19298245614035087,0.5789473684210527,0.7719298245614035,0.19298245614035087,0.38596491228070173,0.09113693324219639,0.5789473684210527,0.38596491228070173,0.19298245614035087,0.38596491228070173,0.19298245614035087,0.19298245614035087,0.19298245614035087
#jesus,0.32363261093911244,1.8583591331269345,0.4999530912843606,28.070175438596504,0.1735810113519092,1.6511867905056758,1.789473684210526,0.2982456140350877,0.2982456140350877,0.894736842105263,0.031217750257997917,1.6511867905056758,0.2729618163054696,1.751584844464102,0.894736842105263,0.2729618163054696,1.6511867905056758,0.2729618163054696,0.2982456140350877,0.2982456140350877,0.2982456140350877
#un-docteur,0.8771929824561403,0.0026315789473684154,0.9649122807017543,0.1735810113519092,47.438596491228076,0.08771929824561403,4.1263157894736855,0.08771929824561403,9.487719298245613,0.2631578947368421,0.3508771929824561,0.08771929824561403,0.17543859649122806,0.6140350877192982,0.2631578947368421,0.17543859649122806,9.487719298245613,0.17543859649122806,0.08771929824561403,0.08771929824561403,0.08771929824561403
#le-bourgeois,0.17543859649122806,0.21052631578947367,0.19298245614035087,1.6511867905056758,0.08771929824561403,55.017543859649116,0.10526315789473684,0.017543859649122806,0.017543859649122806,0.05263157894736842,0.07017543859649122,0.017543859649122806,0.03508771929824561,0.12280701754385964,0.05263157894736842,0.03508771929824561,0.017543859649122806,0.03508771929824561,0.017543859649122806,0.017543859649122806,0.017543859649122806
#un-pretre,0.8526315789473685,1.263157894736842,1.1578947368421053,1.789473684210526,4.1263157894736855,0.10526315789473684,45.63157894736842,0.10526315789473684,0.10526315789473684,0.3157894736842105,0.42105263157894735,0.10526315789473684,0.21052631578947367,0.7368421052631579,0.3157894736842105,0.21052631578947367,0.10526315789473684,0.21052631578947367,0.10526315789473684,0.10526315789473684,0.10526315789473684
#zeline,0.17543859649122806,0.21052631578947367,3.3748006379585336,0.2982456140350877,0.08771929824561403,0.017543859649122806,0.10526315789473684,55.017543859649116,0.017543859649122806,0.05263157894736842,0.07017543859649122,0.017543859649122806,0.03508771929824561,0.12280701754385964,0.05263157894736842,0.03508771929824561,0.017543859649122806,0.03508771929824561,0.017543859649122806,0.017543859649122806,0.017543859649122806
#un-autre-docteur,0.17543859649122806,2.960526315789474,0.19298245614035087,0.2982456140350877,9.487719298245613,0.017543859649122806,0.10526315789473684,0.017543859649122806,55.017543859649116,0.05263157894736842,0.07017543859649122,0.017543859649122806,0.03508771929824561,0.12280701754385964,0.05263157894736842,0.03508771929824561,0.017543859649122806,0.03508771929824561,0.017543859649122806,0.017543859649122806,0.017543859649122806
#un-negociant,0.5263157894736842,0.21491228070175444,0.5789473684210527,0.894736842105263,0.2631578947368421,0.05263157894736842,0.3157894736842105,0.05263157894736842,0.05263157894736842,51.15789473684211,0.21052631578947367,0.05263157894736842,0.10526315789473684,0.3684210526315789,0.15789473684210525,0.10526315789473684,0.05263157894736842,0.10526315789473684,0.05263157894736842,0.05263157894736842,0.05263157894736842
#un-bourgeois,0.7017543859649122,0.8421052631578947,0.7719298245614035,0.031217750257997917,0.3508771929824561,0.07017543859649122,0.42105263157894735,0.07017543859649122,0.07017543859649122,0.21052631578947367,49.280701754385966,0.07017543859649122,0.14035087719298245,0.49122807017543857,0.21052631578947367,0.14035087719298245,0.07017543859649122,0.14035087719298245,0.07017543859649122,0.07017543859649122,0.07017543859649122
#la-femme,0.17543859649122806,0.21052631578947367,0.19298245614035087,1.6511867905056758,0.08771929824561403,0.017543859649122806,0.10526315789473684,0.017543859649122806,0.017543859649122806,0.05263157894736842,0.07017543859649122,55.017543859649116,0.03508771929824561,0.12280701754385964,0.05263157894736842,0.03508771929824561,0.017543859649122806,0.03508771929824561,0.017543859649122806,0.017543859649122806,0.017543859649122806
#le-disciple,0.3508771929824561,0.42105263157894735,0.38596491228070173,0.2729618163054696,0.17543859649122806,0.03508771929824561,0.21052631578947367,0.03508771929824561,0.03508771929824561,0.10526315789473684,0.14035087719298245,0.03508771929824561,53.07017543859649,2.317042606516291,0.10526315789473684,0.07017543859649122,0.03508771929824561,0.07017543859649122,0.03508771929824561,0.03508771929824561,0.03508771929824561
#pierre,1.2280701754385963,0.1522556390977443,0.09113693324219639,1.751584844464102,0.6140350877192982,0.12280701754385964,0.7368421052631579,0.12280701754385964,0.12280701754385964,0.3684210526315789,0.49122807017543857,0.12280701754385964,2.317042606516291,43.85964912280702,0.3684210526315789,2.317042606516291,0.12280701754385964,0.24561403508771928,0.12280701754385964,0.12280701754385964,0.12280701754385964
#un-disciple,0.5263157894736842,0.21491228070175444,0.5789473684210527,0.894736842105263,0.2631578947368421,0.05263157894736842,0.3157894736842105,0.05263157894736842,0.05263157894736842,0.15789473684210525,0.21052631578947367,0.05263157894736842,0.10526315789473684,0.3684210526315789,51.15789473684211,0.10526315789473684,0.05263157894736842,7.605263157894737,0.05263157894736842,0.05263157894736842,0.05263157894736842
#judas,0.3508771929824561,0.7960526315789475,0.38596491228070173,0.2729618163054696,0.17543859649122806,0.03508771929824561,0.21052631578947367,0.03508771929824561,0.03508771929824561,0.10526315789473684,0.14035087719298245,0.03508771929824561,0.07017543859649122,2.317042606516291,0.10526315789473684,53.07017543859649,0.03508771929824561,0.07017543859649122,0.03508771929824561,0.03508771929824561,0.03508771929824561
#le-docteur,0.17543859649122806,0.21052631578947367,0.19298245614035087,1.6511867905056758,9.487719298245613,0.017543859649122806,0.10526315789473684,0.017543859649122806,0.017543859649122806,0.05263157894736842,0.07017543859649122,0.017543859649122806,0.03508771929824561,0.12280701754385964,0.05263157894736842,0.03508771929824561,55.017543859649116,0.03508771929824561,0.017543859649122806,0.017543859649122806,0.017543859649122806
#le-peuple,1.2008771929824562,5.921052631578948,0.38596491228070173,0.2729618163054696,0.17543859649122806,0.03508771929824561,0.21052631578947367,0.03508771929824561,0.03508771929824561,0.10526315789473684,0.14035087719298245,0.03508771929824561,0.07017543859649122,0.24561403508771928,7.605263157894737,0.07017543859649122,0.03508771929824561,53.07017543859649,0.03508771929824561,0.03508771929824561,0.03508771929824561
#le-pretre,0.17543859649122806,0.21052631578947367,0.19298245614035087,0.2982456140350877,0.08771929824561403,0.017543859649122806,0.10526315789473684,0.017543859649122806,0.017543859649122806,0.05263157894736842,0.07017543859649122,0.017543859649122806,0.03508771929824561,0.12280701754385964,0.05263157894736842,0.03508771929824561,0.017543859649122806,0.03508771929824561,55.017543859649116,0.017543859649122806,0.017543859649122806
#un-membre-de-la-suite-de-caïphe,3.875438596491229,0.21052631578947367,0.19298245614035087,0.2982456140350877,0.08771929824561403,0.017543859649122806,0.10526315789473684,0.017543859649122806,0.017543859649122806,0.05263157894736842,0.07017543859649122,0.017543859649122806,0.03508771929824561,0.12280701754385964,0.05263157894736842,0.03508771929824561,0.017543859649122806,0.03508771929824561,0.017543859649122806,55.017543859649116,0.017543859649122806
#l-un-d-eux,0.17543859649122806,0.21052631578947367,0.19298245614035087,0.2982456140350877,0.08771929824561403,0.017543859649122806,0.10526315789473684,0.017543859649122806,0.017543859649122806,0.05263157894736842,0.07017543859649122,0.017543859649122806,0.03508771929824561,0.12280701754385964,0.05263157894736842,0.03508771929824561,0.017543859649122806,0.03508771929824561,0.017543859649122806,0.017543859649122806,55.017543859649116
Successions,#caïphe,#pilate,#madeleine,#jesus,#un-docteur,#le-bourgeois,#un-pretre,#zeline,#un-autre-docteur,#un-negociant,#un-bourgeois,#la-femme,#le-disciple,#pierre,#un-disciple,#judas,#le-docteur,#le-peuple,#le-pretre,#un-membre-de-la-suite-de-caïphe,#l-un-d-eux
#caïphe,0.07692307692307693,0.38461538461538464,0.07692307692307693,0.15384615384615385,0.0,0.0,0.15384615384615385,0.0,0.0,0.0,0.0,0.0,0.0,0.0,0.07692307692307693,0.0,0.0,0.0,0.0,0.07692307692307693,0.0
#pilate,0.36,0.08,0.04,0.08,0.04,0.0,0.0,0.0,0.0,0.08,0.0,0.0,0.04,0.08,0.04,0.04,0.0,0.08,0.04,0.0,0.0
#madeleine,0.0,0.2,0.26666666666666666,0.06666666666666667,0.0,0.0,0.2,0.13333333333333333,0.0,0.0,0.0,0.0,0.0,0.13333333333333333,0.0,0.0,0.0,0.0,0.0,0.0,0.0
#jesus,0.07142857142857142,0.03571428571428571,0.07142857142857142,0.07142857142857142,0.10714285714285714,0.03571428571428571,0.0,0.0,0.0,0.03571428571428571,0.07142857142857142,0.03571428571428571,0.03571428571428571,0.14285714285714285,0.03571428571428571,0.07142857142857142,0.14285714285714285,0.0,0.0,0.0,0.03571428571428571
#un-docteur,0.0,0.0,0.0,0.5,0.0,0.0,0.3333333333333333,0.0,0.0,0.0,0.0,0.0,0.0,0.16666666666666666,0.0,0.0,0.0,0.0,0.0,0.0,0.0
#le-bourgeois,0.0,0.0,0.0,1.0,0.0,0.0,0.0,0.0,0.0,0.0,0.0,0.0,0.0,0.0,0.0,0.0,0.0,0.0,0.0,0.0,0.0
#un-pretre,0.14285714285714285,0.14285714285714285,0.14285714285714285,0.14285714285714285,0.2857142857142857,0.0,0.0,0.0,0.0,0.0,0.14285714285714285,0.0,0.0,0.0,0.0,0.0,0.0,0.0,0.0,0.0,0.0
#zeline,0.0,0.0,1.0,0.0,0.0,0.0,0.0,0.0,0.0,0.0,0.0,0.0,0.0,0.0,0.0,0.0,0.0,0.0,0.0,0.0,0.0
#un-autre-docteur,0.0,1.0,0.0,0.0,0.0,0.0,0.0,0.0,0.0,0.0,0.0,0.0,0.0,0.0,0.0,0.0,0.0,0.0,0.0,0.0,0.0
#un-negociant,0.0,0.4,0.0,0.0,0.0,0.0,0.0,0.0,0.2,0.4,0.0,0.0,0.0,0.0,0.0,0.0,0.0,0.0,0.0,0.0,0.0
#un-bourgeois,0.0,0.5,0.0,0.25,0.0,0.0,0.0,0.0,0.0,0.0,0.25,0.0,0.0,0.0,0.0,0.0,0.0,0.0,0.0,0.0,0.0
#le-bourgeois,0.0,0.0,0.0,1.0,0.0,0.0,0.0,0.0,0.0,0.0,0.0,0.0,0.0,0.0,0.0,0.0,0.0,0.0,0.0,0.0,0.0
#le-disciple,0.0,0.0,0.0,0.5,0.0,0.0,0.0,0.0,0.0,0.0,0.0,0.0,0.0,0.5,0.0,0.0,0.0,0.0,0.0,0.0,0.0
#pierre,0.1,0.2,0.2,0.5,0.0,0.0,0.0,0.0,0.0,0.0,0.0,0.0,0.0,0.0,0.0,0.0,0.0,0.0,0.0,0.0,0.0
#un-disciple,0.0,0.6666666666666666,0.0,0.3333333333333333,0.0,0.0,0.0,0.0,0.0,0.0,0.0,0.0,0.0,0.0,0.0,0.0,0.0,0.0,0.0,0.0,0.0
#judas,0.0,0.3333333333333333,0.0,0.6666666666666666,0.0,0.0,0.0,0.0,0.0,0.0,0.0,0.0,0.0,0.0,0.0,0.0,0.0,0.0,0.0,0.0,0.0
#le-bourgeois,0.0,0.0,0.0,1.0,0.0,0.0,0.0,0.0,0.0,0.0,0.0,0.0,0.0,0.0,0.0,0.0,0.0,0.0,0.0,0.0,0.0
#un-autre-docteur,0.0,1.0,0.0,0.0,0.0,0.0,0.0,0.0,0.0,0.0,0.0,0.0,0.0,0.0,0.0,0.0,0.0,0.0,0.0,0.0,0.0
#zeline,0.0,0.0,1.0,0.0,0.0,0.0,0.0,0.0,0.0,0.0,0.0,0.0,0.0,0.0,0.0,0.0,0.0,0.0,0.0,0.0,0.0
#zeline,0.0,0.0,1.0,0.0,0.0,0.0,0.0,0.0,0.0,0.0,0.0,0.0,0.0,0.0,0.0,0.0,0.0,0.0,0.0,0.0,0.0
#un-autre-docteur,0.0,1.0,0.0,0.0,0.0,0.0,0.0,0.0,0.0,0.0,0.0,0.0,0.0,0.0,0.0,0.0,0.0,0.0,0.0,0.0,0.0
