VALEUR,#argimont,#oriane,#damis,#lucie,#egiste,#aristide,#zelinde,#cleronte,#melante,#clearque,#cleon
Fréquences (scènes),0.6923076923076923,0.8461538461538461,0.07692307692307693,0.3076923076923077,0.15384615384615385,0.3076923076923077,0.23076923076923078,0.07692307692307693,0.23076923076923078,0.15384615384615385,0.07692307692307693
Fréquences(répliques),0.0,0.0,0.0,0.0,0.0,0.0,1.0,0.0,0.0,0.0,0.0
Confrontation,0.20754716981132076,0.24528301886792453,0.009433962264150943,0.05660377358490566,0.05660377358490566,0.1320754716981132,0.11320754716981132,0.03773584905660377,0.07547169811320754,0.03773584905660377,0.02830188679245283
Déviations,#argimont,#oriane,#damis,#lucie,#egiste,#aristide,#zelinde,#cleronte,#melante,#clearque,#cleon
#argimont,1.2307692307692306,0.019425019425019466,0.13675213675213677,0.21367521367521364,0.27350427350427353,0.5470085470085471,0.4102564102564101,0.13675213675213677,0.5584045584045585,1.3846153846153846,0.6923076923076923
#oriane,0.019425019425019466,0.30769230769230743,0.8461538461538463,0.043706293706293795,0.05594405594405586,0.11188811188811172,0.0839160839160838,0.02797202797202793,0.0839160839160838,0.28321678321678334,0.02797202797202793
#damis,0.13675213675213677,0.8461538461538461,11.076923076923078,0.3076923076923077,0.15384615384615385,0.3076923076923077,0.23076923076923078,0.07692307692307693,0.23076923076923078,0.15384615384615385,0.07692307692307693
#lucie,0.21367521367521364,0.0437062937062937,0.3076923076923077,6.23076923076923,0.6153846153846154,1.2307692307692308,0.9230769230769231,0.3076923076923077,0.9230769230769231,0.24038461538461534,0.3076923076923077
#egiste,0.27350427350427353,0.05594405594405595,0.15384615384615385,0.6153846153846154,9.307692307692307,0.24038461538461534,0.6282051282051281,0.15384615384615385,0.46153846153846156,0.3076923076923077,0.15384615384615385
#aristide,0.5470085470085471,0.1118881118881119,0.3076923076923077,1.2307692307692308,0.24038461538461534,6.23076923076923,4.673076923076922,1.5576923076923075,0.006410256410256401,0.6153846153846154,0.3076923076923077
#zelinde,0.4102564102564105,0.08391608391608396,0.23076923076923078,0.9230769230769231,0.6282051282051281,4.673076923076922,7.692307692307691,2.5641025641025634,0.13675213675213677,0.46153846153846156,0.23076923076923078
#cleronte,0.13675213675213677,0.027972027972027975,0.07692307692307693,0.3076923076923077,0.15384615384615385,1.5576923076923075,2.5641025641025634,11.076923076923078,0.23076923076923078,0.15384615384615385,0.07692307692307693
#melante,0.5584045584045583,0.08391608391608396,0.23076923076923078,0.9230769230769231,0.46153846153846156,0.006410256410256401,0.13675213675213677,0.23076923076923078,7.692307692307691,0.6282051282051281,2.5641025641025634
#clearque,1.3846153846153846,0.2832167832167832,0.15384615384615385,0.24038461538461534,0.3076923076923077,0.6153846153846154,0.46153846153846156,0.15384615384615385,0.6282051282051281,9.307692307692307,4.653846153846153
#cleon,0.6923076923076923,0.027972027972027975,0.07692307692307693,0.3076923076923077,0.15384615384615385,0.3076923076923077,0.23076923076923078,0.07692307692307693,2.5641025641025634,4.653846153846153,11.076923076923078
Successions,#argimont,#oriane,#damis,#lucie,#egiste,#aristide,#zelinde,#cleronte,#melante,#clearque,#cleon
#argimont,0.018867924528301886,0.7169811320754716,0.018867924528301886,0.018867924528301886,0.0,0.03773584905660377,0.11320754716981132,0.05660377358490566,0.018867924528301886,0.0,0.0
#oriane,0.5714285714285714,0.0,0.0,0.08571428571428572,0.014285714285714285,0.12857142857142856,0.17142857142857143,0.0,0.014285714285714285,0.014285714285714285,0.0
#damis,0.0,1.0,0.0,0.0,0.0,0.0,0.0,0.0,0.0,0.0,0.0
#damis,0.0,1.0,0.0,0.0,0.0,0.0,0.0,0.0,0.0,0.0,0.0
#egiste,0.5,0.0,0.0,0.0,0.0,0.0,0.5,0.0,0.0,0.0,0.0
#aristide,0.10526315789473684,0.21052631578947367,0.0,0.0,0.0,0.02631578947368421,0.631578947368421,0.0,0.02631578947368421,0.0,0.0
#zelinde,0.1111111111111111,0.26666666666666666,0.0,0.0,0.022222222222222223,0.5111111111111111,0.0,0.022222222222222223,0.06666666666666667,0.0,0.0
#cleronte,0.5,0.25,0.0,0.0,0.0,0.25,0.0,0.0,0.0,0.0,0.0
#melante,0.1111111111111111,0.1111111111111111,0.0,0.0,0.0,0.2222222222222222,0.2222222222222222,0.0,0.0,0.2222222222222222,0.1111111111111111
#clearque,0.0,0.25,0.0,0.25,0.0,0.0,0.0,0.0,0.5,0.0,0.0
#cleon,0.0,0.0,0.0,0.0,0.0,0.0,0.0,0.0,0.0,1.0,0.0
