VALEUR,#le-commandeur,#l-auteur,#grosset,#le-chevalier,#la-marquise,#des-francs,#le-laquais,#des-ronais,#silvie
Fréquences (scènes),0.2727272727272727,0.2727272727272727,0.09090909090909091,0.09090909090909091,0.09090909090909091,0.6363636363636364,0.18181818181818182,0.18181818181818182,0.36363636363636365
Fréquences(répliques),0.0,0.0,0.0,0.0,0.0,0.0,0.0,0.0,0.0
Confrontation,0.15,0.15,0.1,0.1,0.1,0.175,0.05,0.075,0.1
Déviations,#le-commandeur,#l-auteur,#grosset,#le-chevalier,#la-marquise,#des-francs,#le-laquais,#des-ronais,#silvie
#le-commandeur,5.8181818181818175,5.8181818181818175,1.9393939393939397,1.9393939393939397,1.9393939393939397,1.9090909090909092,0.5454545454545454,0.5454545454545454,1.0909090909090908
#le-commandeur,5.8181818181818175,5.8181818181818175,1.9393939393939397,1.9393939393939397,1.9393939393939397,1.9090909090909092,0.5454545454545454,0.5454545454545454,1.0909090909090908
#grosset,1.9393939393939397,1.9393939393939397,9.09090909090909,9.09090909090909,9.09090909090909,0.6363636363636364,0.18181818181818182,0.18181818181818182,0.36363636363636365
#grosset,1.9393939393939397,1.9393939393939397,9.09090909090909,9.09090909090909,9.09090909090909,0.6363636363636364,0.18181818181818182,0.18181818181818182,0.36363636363636365
#grosset,1.9393939393939397,1.9393939393939397,9.09090909090909,9.09090909090909,9.09090909090909,0.6363636363636364,0.18181818181818182,0.18181818181818182,0.36363636363636365
#des-francs,1.909090909090909,1.909090909090909,0.6363636363636364,0.6363636363636364,0.6363636363636364,1.4545454545454553,0.4155844155844156,0.4155844155844156,0.08116883116883118
#le-laquais,0.5454545454545454,0.5454545454545454,0.18181818181818182,0.18181818181818182,0.18181818181818182,0.4155844155844156,7.363636363636362,0.36363636363636365,0.7272727272727273
#des-ronais,0.5454545454545454,0.5454545454545454,0.18181818181818182,0.18181818181818182,0.18181818181818182,0.4155844155844156,0.36363636363636365,7.363636363636362,0.10227272727272725
#silvie,1.0909090909090908,1.0909090909090908,0.36363636363636365,0.36363636363636365,0.36363636363636365,0.08116883116883118,0.7272727272727273,0.10227272727272725,4.454545454545454
Successions,#le-commandeur,#l-auteur,#grosset,#le-chevalier,#la-marquise,#des-francs,#le-laquais,#des-ronais,#silvie
#le-commandeur,0.0,0.32432432432432434,0.24324324324324326,0.40540540540540543,0.02702702702702703,0.0,0.0,0.0,0.0
#l-auteur,0.8823529411764706,0.0,0.058823529411764705,0.0,0.058823529411764705,0.0,0.0,0.0,0.0
#grosset,0.5,0.25,0.0,0.25,0.0,0.0,0.0,0.0,0.0
#le-chevalier,0.7368421052631579,0.10526315789473684,0.05263157894736842,0.0,0.10526315789473684,0.0,0.0,0.0,0.0
#la-marquise,0.5,0.0,0.25,0.25,0.0,0.0,0.0,0.0,0.0
#des-francs,0.011764705882352941,0.0,0.0,0.0,0.0,0.011764705882352941,0.07058823529411765,0.3411764705882353,0.5647058823529412
#le-laquais,0.0,0.0,0.0,0.0,0.0,0.75,0.25,0.0,0.0
#des-ronais,0.0,0.0,0.0,0.0,0.0,0.8709677419354839,0.0,0.0,0.12903225806451613
#silvie,0.0,0.0,0.0,0.0,0.0,0.9622641509433962,0.0,0.018867924528301886,0.018867924528301886
