VALEUR,#l-ombre-de-thyeste,#choeur-de-femmes-d-argos,#clytemnestre,#la-nourrice,#egisthe,#eurybate,#le-choeur,#cassandre,#agamemnon,#electre,#strophius
Fréquences (scènes),0.08333333333333333,0.25,0.3333333333333333,0.08333333333333333,0.16666666666666666,0.08333333333333333,0.08333333333333333,0.3333333333333333,0.08333333333333333,0.16666666666666666,0.08333333333333333
Fréquences(répliques),0.0,0.0,0.0,0.0,0.0,0.0,0.0,0.0,0.0,0.0,0.0
Confrontation,0.0,0.0,0.25,0.041666666666666664,0.16666666666666666,0.041666666666666664,0.041666666666666664,0.20833333333333334,0.041666666666666664,0.16666666666666666,0.041666666666666664
Déviations,#l-ombre-de-thyeste,#choeur-de-femmes-d-argos,#clytemnestre,#la-nourrice,#egisthe,#eurybate,#le-choeur,#cassandre,#agamemnon,#electre,#strophius
#l-ombre-de-thyeste,10.083333333333332,0.25,0.3333333333333333,0.08333333333333333,0.16666666666666666,0.08333333333333333,0.08333333333333333,0.3333333333333333,0.08333333333333333,0.16666666666666666,0.08333333333333333
#choeur-de-femmes-d-argos,0.25,6.75,1.0,0.25,0.5,0.25,0.25,1.0,0.25,0.5,0.25
#clytemnestre,0.3333333333333333,1.0,5.333333333333335,1.3333333333333337,2.6666666666666674,1.3333333333333337,0.3333333333333333,0.0833333333333333,0.3333333333333333,0.1666666666666667,0.3333333333333333
#la-nourrice,0.08333333333333333,0.25,1.3333333333333337,10.083333333333332,0.16666666666666666,0.08333333333333333,0.08333333333333333,0.3333333333333333,0.08333333333333333,0.16666666666666666,0.08333333333333333
#egisthe,0.16666666666666666,0.5,2.6666666666666674,0.16666666666666666,8.333333333333336,0.16666666666666666,0.16666666666666666,0.1666666666666667,0.16666666666666666,1.3333333333333337,0.16666666666666666
#eurybate,0.08333333333333333,0.25,1.3333333333333337,0.08333333333333333,0.16666666666666666,10.083333333333332,0.08333333333333333,0.3333333333333333,0.08333333333333333,0.16666666666666666,0.08333333333333333
#le-choeur,0.08333333333333333,0.25,0.3333333333333333,0.08333333333333333,0.16666666666666666,0.08333333333333333,10.083333333333332,1.3333333333333337,0.08333333333333333,0.16666666666666666,0.08333333333333333
#cassandre,0.3333333333333333,1.0,0.0833333333333333,0.3333333333333333,0.1666666666666667,0.3333333333333333,1.3333333333333337,5.333333333333335,1.3333333333333337,0.1666666666666667,0.3333333333333333
#agamemnon,0.08333333333333333,0.25,0.3333333333333333,0.08333333333333333,0.16666666666666666,0.08333333333333333,0.08333333333333333,1.3333333333333337,10.083333333333332,0.16666666666666666,0.08333333333333333
#electre,0.16666666666666666,0.5,0.1666666666666667,0.16666666666666666,1.3333333333333337,0.16666666666666666,0.16666666666666666,0.1666666666666667,0.16666666666666666,8.333333333333336,4.166666666666668
#strophius,0.08333333333333333,0.25,0.3333333333333333,0.08333333333333333,0.16666666666666666,0.08333333333333333,0.08333333333333333,0.3333333333333333,0.08333333333333333,4.166666666666668,10.083333333333332
Successions,#l-ombre-de-thyeste,#choeur-de-femmes-d-argos,#clytemnestre,#la-nourrice,#egisthe,#eurybate,#le-choeur,#cassandre,#agamemnon,#electre,#strophius
#l-ombre-de-thyeste,,,,,,,,,,,
#choeur-de-femmes-d-argos,0.3333333333333333,0.0,0.3333333333333333,0.0,0.0,0.0,0.0,0.0,0.3333333333333333,0.0,0.0
#clytemnestre,0.0,0.02564102564102564,0.0,0.2564102564102564,0.28205128205128205,0.1282051282051282,0.0,0.02564102564102564,0.0,0.28205128205128205,0.0
#la-nourrice,0.0,0.0,1.0,0.0,0.0,0.0,0.0,0.0,0.0,0.0,0.0
#egisthe,0.0,0.0,0.7692307692307693,0.07692307692307693,0.0,0.0,0.0,0.0,0.0,0.15384615384615385,0.0
#eurybate,0.0,0.2,0.8,0.0,0.0,0.0,0.0,0.0,0.0,0.0,0.0
#le-choeur,0.0,0.0,0.25,0.0,0.0,0.0,0.0,0.75,0.0,0.0,0.0
#cassandre,0.0,0.06666666666666667,0.13333333333333333,0.0,0.0,0.0,0.2,0.0,0.6,0.0,0.0
#agamemnon,0.0,0.0,0.0,0.0,0.0,0.0,0.1,0.9,0.0,0.0,0.0
#electre,0.0,0.0,0.5882352941176471,0.0,0.11764705882352941,0.0,0.0,0.058823529411764705,0.0,0.058823529411764705,0.17647058823529413
#strophius,0.0,0.0,0.0,0.0,0.0,0.0,0.0,0.0,0.0,1.0,0.0
