VALEUR,#la-baguenaudiere,#madame-bouvillon,#blaise-bouvillon,#isabelle,#le-destin,#ragotin,#le-charretier,#la-rancune,#l-olive,#mademoiselle-la-caverne,#mademoiselle-l-etoile,#premier-porteur,#second-porteur,#troisieme-porteur,#l-etoile,#de-preraze,#des-lentilles,#de-boiscoupe,#de-mousseverte,#le-decorateur,#tous-ensemble,#cleopatre,#charmion,#antoine,#eros,#le-page,#le-laquais
Fréquences (scènes),0.36923076923076925,0.23076923076923078,0.09230769230769231,0.23076923076923078,0.2923076923076923,0.3076923076923077,0.03076923076923077,0.2923076923076923,0.06153846153846154,0.03076923076923077,0.015384615384615385,0.015384615384615385,0.015384615384615385,0.015384615384615385,0.13846153846153847,0.06153846153846154,0.06153846153846154,0.06153846153846154,0.06153846153846154,0.046153846153846156,0.015384615384615385,0.1076923076923077,0.06153846153846154,0.06153846153846154,0.046153846153846156,0.015384615384615385,0.015384615384615385
Fréquences(répliques),0.15080789946140036,0.08916816277678037,0.04488330341113106,0.05026929982046679,0.07301017354877319,0.21843207660083783,0.005385996409335727,0.1561938958707361,0.03411131059245961,0.0017953321364452424,0.0005984440454817474,0.0017953321364452424,0.0017953321364452424,0.003590664272890485,0.029323758228605626,0.004189108318372232,0.003590664272890485,0.003590664272890485,0.002992220227408737,0.012567324955116697,0.0005984440454817474,0.033512866546977854,0.017953321364452424,0.029922202274087373,0.02752842609216038,0.0011968880909634949,0.0011968880909634949
Confrontation,0.13829787234042554,0.07021276595744681,0.03404255319148936,0.06595744680851064,0.07446808510638298,0.125531914893617,0.014893617021276596,0.07234042553191489,0.029787234042553193,0.019148936170212766,0.00851063829787234,0.010638297872340425,0.010638297872340425,0.010638297872340425,0.031914893617021274,0.04468085106382979,0.04468085106382979,0.04468085106382979,0.04468085106382979,0.02127659574468085,0.01276595744680851,0.02553191489361702,0.014893617021276596,0.010638297872340425,0.00851063829787234,0.00851063829787234,0.002127659574468085
Déviations,#la-baguenaudiere,#madame-bouvillon,#blaise-bouvillon,#isabelle,#le-destin,#ragotin,#le-charretier,#la-rancune,#l-olive,#mademoiselle-la-caverne,#mademoiselle-l-etoile,#premier-porteur,#second-porteur,#troisieme-porteur,#l-etoile,#de-preraze,#des-lentilles,#de-boiscoupe,#de-mousseverte,#le-decorateur,#tous-ensemble,#cleopatre,#charmion,#antoine,#eros,#le-page,#le-laquais
#la-baguenaudiere,25.86153846153846,0.38568376068376076,1.4376068376068374,0.4273504273504273,2.2982793522267206,2.8846153846153837,0.09262820512820509,1.2960863697705802,4.31025641025641,0.09262820512820509,1.0775641025641025,0.36923076923076925,0.36923076923076925,0.36923076923076925,1.624002849002849,4.31025641025641,4.31025641025641,4.31025641025641,4.31025641025641,0.7188034188034187,1.0775641025641025,0.1322344322344323,0.1540064102564103,1.476923076923077,1.1076923076923078,1.0775641025641025,0.36923076923076925
#madame-bouvillon,0.38568376068376076,38.46153846153846,0.10683760683760682,0.06153846153846157,0.595141700404858,0.03205128205128197,0.46153846153846156,1.296896086369771,0.006410256410256401,5.128205128205127,2.5641025641025634,2.5641025641025634,2.5641025641025634,2.5641025641025634,0.5584045584045585,0.9230769230769231,0.9230769230769231,0.9230769230769231,0.9230769230769231,0.13675213675213677,0.23076923076923078,1.6153846153846154,0.9230769230769231,0.9230769230769231,0.6923076923076923,0.23076923076923078,0.23076923076923078
#blaise-bouvillon,1.4376068376068374,0.10683760683760682,53.55384615384616,0.10683760683760682,0.32402159244264506,0.012820512820512803,3.601282051282051,0.32402159244264506,7.202564102564102,0.18461538461538463,0.09230769230769231,0.09230769230769231,0.09230769230769231,0.09230769230769231,0.8307692307692308,0.36923076923076925,0.36923076923076925,0.36923076923076925,0.36923076923076925,0.27692307692307694,0.09230769230769231,0.1937728937728937,1.0775641025641025,0.36923076923076925,0.27692307692307694,8.925641025641024,0.09230769230769231
#isabelle,0.4273504273504273,0.06153846153846157,0.10683760683760682,38.46153846153846,4.858299595141699,0.08205128205128218,0.46153846153846156,0.08636977058029677,0.006410256410256401,0.46153846153846156,0.23076923076923078,0.23076923076923078,0.23076923076923078,0.23076923076923078,1.7806267806267801,0.9230769230769231,0.9230769230769231,0.9230769230769231,0.9230769230769231,0.6923076923076923,0.23076923076923078,1.6153846153846154,0.9230769230769231,0.9230769230769231,0.6923076923076923,0.23076923076923078,0.23076923076923078
#le-destin,2.2982793522267206,0.595141700404858,0.32402159244264506,4.858299595141699,32.553846153846145,0.5829959514170043,0.29514170040485826,0.05523119539740051,0.02449392712550609,0.5846153846153846,0.2923076923076923,0.2923076923076923,0.2923076923076923,0.2923076923076923,0.7126405757984705,1.1692307692307693,1.1692307692307693,1.1692307692307693,1.1692307692307693,0.017273954116059382,0.2923076923076923,2.0461538461538464,1.1692307692307693,1.1692307692307693,0.8769230769230769,0.2923076923076923,0.2923076923076923
#ragotin,2.8846153846153837,0.03205128205128197,0.012820512820512803,0.08205128205128218,0.5829959514170043,31.153846153846153,3.115384615384615,0.22773279352226697,2.5432692307692304,3.115384615384615,1.5576923076923075,1.5576923076923075,1.5576923076923075,1.5576923076923075,0.21367521367521364,0.48076923076923067,0.48076923076923067,0.48076923076923067,0.48076923076923067,0.006410256410256401,1.5576923076923075,0.6181318681318684,1.2307692307692308,1.2307692307692308,0.9230769230769231,0.3076923076923077,1.5576923076923075
#le-charretier,0.09262820512820509,0.46153846153846156,3.601282051282051,0.46153846153846156,0.29514170040485826,3.115384615384615,61.061538461538454,0.29514170040485826,6.248076923076923,0.06153846153846154,0.03076923076923077,0.03076923076923077,0.03076923076923077,0.03076923076923077,0.27692307692307694,0.12307692307692308,0.12307692307692308,0.12307692307692308,0.12307692307692308,0.09230769230769231,0.03076923076923077,0.21538461538461537,0.12307692307692308,0.12307692307692308,0.09230769230769231,0.03076923076923077,0.03076923076923077
#la-rancune,1.2960863697705802,1.296896086369771,0.32402159244264506,0.08636977058029677,0.05523119539740051,0.22773279352226697,0.29514170040485826,32.553846153846145,0.02449392712550609,0.5846153846153846,0.2923076923076923,0.2923076923076923,0.2923076923076923,0.2923076923076923,0.05182186234817815,0.02449392712550609,0.02449392712550609,0.02449392712550609,0.02449392712550609,0.017273954116059382,0.2923076923076923,2.0461538461538464,1.1692307692307693,1.1692307692307693,0.8769230769230769,0.2923076923076923,0.2923076923076923
#l-olive,4.31025641025641,0.006410256410256401,7.202564102564102,0.006410256410256401,0.02449392712550609,2.5432692307692304,6.248076923076923,0.02449392712550609,57.246153846153845,0.12307692307692308,0.06153846153846154,0.06153846153846154,0.06153846153846154,0.06153846153846154,0.5538461538461539,0.24615384615384617,0.24615384615384617,0.24615384615384617,0.24615384615384617,0.18461538461538463,0.06153846153846154,0.43076923076923074,0.24615384615384617,0.24615384615384617,0.18461538461538463,0.06153846153846154,0.06153846153846154
#mademoiselle-la-caverne,0.09262820512820509,5.128205128205127,0.18461538461538463,0.46153846153846156,0.5846153846153846,3.115384615384615,0.06153846153846154,0.5846153846153846,0.12307692307692308,61.061538461538454,30.530769230769227,30.530769230769227,30.530769230769227,30.530769230769227,0.27692307692307694,0.12307692307692308,0.12307692307692308,0.12307692307692308,0.12307692307692308,0.09230769230769231,0.03076923076923077,0.21538461538461537,0.12307692307692308,0.12307692307692308,0.09230769230769231,0.03076923076923077,0.03076923076923077
#mademoiselle-l-etoile,1.0775641025641025,2.5641025641025634,0.09230769230769231,0.23076923076923078,0.2923076923076923,1.5576923076923075,0.03076923076923077,0.2923076923076923,0.06153846153846154,30.530769230769227,63.01538461538462,0.015384615384615385,0.015384615384615385,0.015384615384615385,0.13846153846153847,0.06153846153846154,0.06153846153846154,0.06153846153846154,0.06153846153846154,0.046153846153846156,0.015384615384615385,0.10769230769230768,0.06153846153846154,0.06153846153846154,0.046153846153846156,0.015384615384615385,0.015384615384615385
#premier-porteur,0.36923076923076925,2.5641025641025634,0.09230769230769231,0.23076923076923078,0.2923076923076923,1.5576923076923075,0.03076923076923077,0.2923076923076923,0.06153846153846154,30.530769230769227,0.015384615384615385,63.01538461538462,63.01538461538462,63.01538461538462,0.13846153846153847,0.06153846153846154,0.06153846153846154,0.06153846153846154,0.06153846153846154,0.046153846153846156,0.015384615384615385,0.10769230769230768,0.06153846153846154,0.06153846153846154,0.046153846153846156,0.015384615384615385,0.015384615384615385
#premier-porteur,0.36923076923076925,2.5641025641025634,0.09230769230769231,0.23076923076923078,0.2923076923076923,1.5576923076923075,0.03076923076923077,0.2923076923076923,0.06153846153846154,30.530769230769227,0.015384615384615385,63.01538461538462,63.01538461538462,63.01538461538462,0.13846153846153847,0.06153846153846154,0.06153846153846154,0.06153846153846154,0.06153846153846154,0.046153846153846156,0.015384615384615385,0.10769230769230768,0.06153846153846154,0.06153846153846154,0.046153846153846156,0.015384615384615385,0.015384615384615385
#premier-porteur,0.36923076923076925,2.5641025641025634,0.09230769230769231,0.23076923076923078,0.2923076923076923,1.5576923076923075,0.03076923076923077,0.2923076923076923,0.06153846153846154,30.530769230769227,0.015384615384615385,63.01538461538462,63.01538461538462,63.01538461538462,0.13846153846153847,0.06153846153846154,0.06153846153846154,0.06153846153846154,0.06153846153846154,0.046153846153846156,0.015384615384615385,0.10769230769230768,0.06153846153846154,0.06153846153846154,0.046153846153846156,0.015384615384615385,0.015384615384615385
#l-etoile,1.624002849002849,0.5584045584045585,0.8307692307692308,1.7806267806267801,0.7126405757984705,0.21367521367521364,0.27692307692307694,0.05182186234817815,0.5538461538461539,0.27692307692307694,0.13846153846153847,0.13846153846153847,0.13846153846153847,0.13846153846153847,48.246153846153845,0.5538461538461539,0.5538461538461539,0.5538461538461539,0.5538461538461539,0.4153846153846154,0.13846153846153847,0.9692307692307693,0.5538461538461539,0.5538461538461539,0.4153846153846154,0.13846153846153847,0.13846153846153847
#de-preraze,4.31025641025641,0.9230769230769231,0.36923076923076925,0.9230769230769231,1.1692307692307693,0.48076923076923067,0.12307692307692308,0.02449392712550609,0.24615384615384617,0.12307692307692308,0.06153846153846154,0.06153846153846154,0.06153846153846154,0.06153846153846154,0.5538461538461539,57.246153846153845,57.246153846153845,57.246153846153845,57.246153846153845,3.601282051282051,14.311538461538461,0.43076923076923074,0.24615384615384617,0.24615384615384617,0.18461538461538463,0.06153846153846154,0.06153846153846154
#de-preraze,4.31025641025641,0.9230769230769231,0.36923076923076925,0.9230769230769231,1.1692307692307693,0.48076923076923067,0.12307692307692308,0.02449392712550609,0.24615384615384617,0.12307692307692308,0.06153846153846154,0.06153846153846154,0.06153846153846154,0.06153846153846154,0.5538461538461539,57.246153846153845,57.246153846153845,57.246153846153845,57.246153846153845,3.601282051282051,14.311538461538461,0.43076923076923074,0.24615384615384617,0.24615384615384617,0.18461538461538463,0.06153846153846154,0.06153846153846154
#de-preraze,4.31025641025641,0.9230769230769231,0.36923076923076925,0.9230769230769231,1.1692307692307693,0.48076923076923067,0.12307692307692308,0.02449392712550609,0.24615384615384617,0.12307692307692308,0.06153846153846154,0.06153846153846154,0.06153846153846154,0.06153846153846154,0.5538461538461539,57.246153846153845,57.246153846153845,57.246153846153845,57.246153846153845,3.601282051282051,14.311538461538461,0.43076923076923074,0.24615384615384617,0.24615384615384617,0.18461538461538463,0.06153846153846154,0.06153846153846154
#de-preraze,4.31025641025641,0.9230769230769231,0.36923076923076925,0.9230769230769231,1.1692307692307693,0.48076923076923067,0.12307692307692308,0.02449392712550609,0.24615384615384617,0.12307692307692308,0.06153846153846154,0.06153846153846154,0.06153846153846154,0.06153846153846154,0.5538461538461539,57.246153846153845,57.246153846153845,57.246153846153845,57.246153846153845,3.601282051282051,14.311538461538461,0.43076923076923074,0.24615384615384617,0.24615384615384617,0.18461538461538463,0.06153846153846154,0.06153846153846154
#le-decorateur,0.7188034188034187,0.13675213675213677,0.27692307692307694,0.6923076923076923,0.017273954116059382,0.006410256410256401,0.09230769230769231,0.017273954116059382,0.18461538461538463,0.09230769230769231,0.046153846153846156,0.046153846153846156,0.046153846153846156,0.046153846153846156,0.4153846153846154,3.601282051282051,3.601282051282051,3.601282051282051,3.601282051282051,59.13846153846154,0.046153846153846156,0.3230769230769231,0.18461538461538463,0.18461538461538463,0.13846153846153847,0.046153846153846156,0.046153846153846156
#tous-ensemble,1.0775641025641025,0.23076923076923078,0.09230769230769231,0.23076923076923078,0.2923076923076923,1.5576923076923075,0.03076923076923077,0.2923076923076923,0.06153846153846154,0.03076923076923077,0.015384615384615385,0.015384615384615385,0.015384615384615385,0.015384615384615385,0.13846153846153847,14.311538461538461,14.311538461538461,14.311538461538461,14.311538461538461,0.046153846153846156,63.01538461538462,0.10769230769230768,0.06153846153846154,0.06153846153846154,0.046153846153846156,0.015384615384615385,0.015384615384615385
#cleopatre,0.1322344322344323,1.6153846153846154,0.1937728937728937,1.6153846153846154,2.0461538461538464,0.6181318681318684,0.21538461538461537,2.0461538461538464,0.43076923076923074,0.21538461538461537,0.10769230769230768,0.10769230769230768,0.10769230769230768,0.10769230769230768,0.9692307692307693,0.43076923076923074,0.43076923076923074,0.43076923076923074,0.43076923076923074,0.3230769230769231,0.10769230769230768,51.753846153846155,15.32362637362637,15.32362637362637,1.4183150183150184,7.393406593406593,0.10769230769230768
#charmion,0.1540064102564103,0.9230769230769231,1.0775641025641025,0.9230769230769231,1.1692307692307693,1.2307692307692308,0.12307692307692308,1.1692307692307693,0.24615384615384617,0.12307692307692308,0.06153846153846154,0.06153846153846154,0.06153846153846154,0.06153846153846154,0.5538461538461539,0.24615384615384617,0.24615384615384617,0.24615384615384617,0.24615384615384617,0.18461538461538463,0.06153846153846154,15.32362637362637,57.246153846153845,0.24615384615384617,3.601282051282051,14.311538461538461,0.06153846153846154
#antoine,1.476923076923077,0.9230769230769231,0.36923076923076925,0.9230769230769231,1.1692307692307693,1.2307692307692308,0.12307692307692308,1.1692307692307693,0.24615384615384617,0.12307692307692308,0.06153846153846154,0.06153846153846154,0.06153846153846154,0.06153846153846154,0.5538461538461539,0.24615384615384617,0.24615384615384617,0.24615384615384617,0.24615384615384617,0.18461538461538463,0.06153846153846154,15.32362637362637,0.24615384615384617,57.246153846153845,17.85128205128205,0.06153846153846154,0.06153846153846154
#eros,1.1076923076923078,0.6923076923076923,0.27692307692307694,0.6923076923076923,0.8769230769230769,0.9230769230769231,0.09230769230769231,0.8769230769230769,0.18461538461538463,0.09230769230769231,0.046153846153846156,0.046153846153846156,0.046153846153846156,0.046153846153846156,0.4153846153846154,0.18461538461538463,0.18461538461538463,0.18461538461538463,0.18461538461538463,0.13846153846153847,0.046153846153846156,1.4183150183150184,3.601282051282051,17.85128205128205,59.13846153846154,0.046153846153846156,0.046153846153846156
#le-page,1.0775641025641025,0.23076923076923078,8.925641025641024,0.23076923076923078,0.2923076923076923,0.3076923076923077,0.03076923076923077,0.2923076923076923,0.06153846153846154,0.03076923076923077,0.015384615384615385,0.015384615384615385,0.015384615384615385,0.015384615384615385,0.13846153846153847,0.06153846153846154,0.06153846153846154,0.06153846153846154,0.06153846153846154,0.046153846153846156,0.015384615384615385,7.393406593406593,14.311538461538461,0.06153846153846154,0.046153846153846156,63.01538461538462,0.015384615384615385
#le-laquais,0.36923076923076925,0.23076923076923078,0.09230769230769231,0.23076923076923078,0.2923076923076923,1.5576923076923075,0.03076923076923077,0.2923076923076923,0.06153846153846154,0.03076923076923077,0.015384615384615385,0.015384615384615385,0.015384615384615385,0.015384615384615385,0.13846153846153847,0.06153846153846154,0.06153846153846154,0.06153846153846154,0.06153846153846154,0.046153846153846156,0.015384615384615385,0.10769230769230768,0.06153846153846154,0.06153846153846154,0.046153846153846156,0.015384615384615385,63.01538461538462
Successions,#la-baguenaudiere,#madame-bouvillon,#blaise-bouvillon,#isabelle,#le-destin,#ragotin,#le-charretier,#la-rancune,#l-olive,#mademoiselle-la-caverne,#mademoiselle-l-etoile,#premier-porteur,#second-porteur,#troisieme-porteur,#l-etoile,#de-preraze,#des-lentilles,#de-boiscoupe,#de-mousseverte,#le-decorateur,#tous-ensemble,#cleopatre,#charmion,#antoine,#eros,#le-page,#le-laquais
#la-baguenaudiere,0.011111111111111112,0.18888888888888888,0.08888888888888889,0.022222222222222223,0.05555555555555555,0.25555555555555554,0.022222222222222223,0.2111111111111111,0.03333333333333333,0.0,0.0,0.0,0.0,0.0,0.011111111111111112,0.011111111111111112,0.011111111111111112,0.022222222222222223,0.03333333333333333,0.011111111111111112,0.0,0.0,0.0,0.0,0.0,0.011111111111111112,0.0
#madame-bouvillon,0.2857142857142857,0.03571428571428571,0.0,0.08928571428571429,0.19642857142857142,0.14285714285714285,0.0,0.125,0.03571428571428571,0.0,0.0,0.0,0.017857142857142856,0.017857142857142856,0.05357142857142857,0.0,0.0,0.0,0.0,0.0,0.0,0.0,0.0,0.0,0.0,0.0,0.0
#blaise-bouvillon,0.19444444444444445,0.0,0.0,0.08333333333333333,0.1388888888888889,0.08333333333333333,0.0,0.3611111111111111,0.1111111111111111,0.0,0.0,0.0,0.0,0.0,0.0,0.0,0.0,0.0,0.0,0.0,0.0,0.0,0.027777777777777776,0.0,0.0,0.0,0.0
#isabelle,0.05555555555555555,0.05555555555555555,0.08333333333333333,0.027777777777777776,0.4166666666666667,0.05555555555555555,0.0,0.16666666666666666,0.0,0.0,0.0,0.0,0.0,0.0,0.1111111111111111,0.0,0.0,0.0,0.0,0.0,0.0,0.027777777777777776,0.0,0.0,0.0,0.0,0.0
#le-destin,0.04081632653061224,0.3469387755102041,0.12244897959183673,0.2653061224489796,0.0,0.04081632653061224,0.0,0.12244897959183673,0.0,0.0,0.0,0.0,0.0,0.0,0.04081632653061224,0.0,0.0,0.0,0.0,0.02040816326530612,0.0,0.0,0.0,0.0,0.0,0.0,0.0
#ragotin,0.19469026548672566,0.061946902654867256,0.017699115044247787,0.02654867256637168,0.017699115044247787,0.008849557522123894,0.017699115044247787,0.4690265486725664,0.008849557522123894,0.017699115044247787,0.008849557522123894,0.008849557522123894,0.008849557522123894,0.008849557522123894,0.061946902654867256,0.008849557522123894,0.017699115044247787,0.0,0.0,0.017699115044247787,0.0,0.0,0.0,0.0,0.008849557522123894,0.0,0.008849557522123894
#le-charretier,0.4,0.0,0.0,0.0,0.4,0.2,0.0,0.0,0.0,0.0,0.0,0.0,0.0,0.0,0.0,0.0,0.0,0.0,0.0,0.0,0.0,0.0,0.0,0.0,0.0,0.0,0.0
#la-rancune,0.16379310344827586,0.0603448275862069,0.11206896551724138,0.04310344827586207,0.034482758620689655,0.4482758620689655,0.008620689655172414,0.017241379310344827,0.034482758620689655,0.0,0.0,0.0,0.0,0.0,0.05172413793103448,0.017241379310344827,0.0,0.0,0.0,0.0,0.008620689655172414,0.0,0.0,0.0,0.0,0.0,0.0
#l-olive,0.2857142857142857,0.0,0.21428571428571427,0.0,0.07142857142857142,0.14285714285714285,0.0,0.21428571428571427,0.0,0.0,0.0,0.0,0.0,0.0,0.0,0.0,0.0,0.0,0.0,0.07142857142857142,0.0,0.0,0.0,0.0,0.0,0.0,0.0
#mademoiselle-la-caverne,0.0,0.5,0.5,0.0,0.0,0.0,0.0,0.0,0.0,0.0,0.0,0.0,0.0,0.0,0.0,0.0,0.0,0.0,0.0,0.0,0.0,0.0,0.0,0.0,0.0,0.0,0.0
#mademoiselle-l-etoile,0.0,0.0,0.0,0.0,0.0,1.0,0.0,0.0,0.0,0.0,0.0,0.0,0.0,0.0,0.0,0.0,0.0,0.0,0.0,0.0,0.0,0.0,0.0,0.0,0.0,0.0,0.0
#premier-porteur,0.0,0.0,0.0,0.0,0.0,0.6666666666666666,0.0,0.0,0.0,0.0,0.0,0.0,0.0,0.3333333333333333,0.0,0.0,0.0,0.0,0.0,0.0,0.0,0.0,0.0,0.0,0.0,0.0,0.0
#second-porteur,0.0,0.0,0.0,0.0,0.0,0.3333333333333333,0.0,0.0,0.0,0.0,0.0,0.6666666666666666,0.0,0.0,0.0,0.0,0.0,0.0,0.0,0.0,0.0,0.0,0.0,0.0,0.0,0.0,0.0
#troisieme-porteur,0.0,0.0,0.0,0.0,0.0,0.6666666666666666,0.0,0.0,0.0,0.0,0.0,0.0,0.3333333333333333,0.0,0.0,0.0,0.0,0.0,0.0,0.0,0.0,0.0,0.0,0.0,0.0,0.0,0.0
#l-etoile,0.043478260869565216,0.043478260869565216,0.0,0.17391304347826086,0.17391304347826086,0.34782608695652173,0.0,0.21739130434782608,0.0,0.0,0.0,0.0,0.0,0.0,0.0,0.0,0.0,0.0,0.0,0.0,0.0,0.0,0.0,0.0,0.0,0.0,0.0
#de-preraze,0.3333333333333333,0.0,0.0,0.0,0.0,0.0,0.0,0.16666666666666666,0.0,0.0,0.0,0.0,0.0,0.0,0.0,0.0,0.0,0.5,0.0,0.0,0.0,0.0,0.0,0.0,0.0,0.0,0.0
#des-lentilles,0.6,0.0,0.0,0.0,0.0,0.4,0.0,0.0,0.0,0.0,0.0,0.0,0.0,0.0,0.0,0.0,0.0,0.0,0.0,0.0,0.0,0.0,0.0,0.0,0.0,0.0,0.0
#de-boiscoupe,0.2,0.0,0.0,0.0,0.0,0.0,0.0,0.0,0.0,0.0,0.0,0.0,0.0,0.0,0.0,0.0,0.4,0.0,0.2,0.2,0.0,0.0,0.0,0.0,0.0,0.0,0.0
#de-mousseverte,0.4,0.0,0.0,0.0,0.0,0.2,0.0,0.0,0.0,0.0,0.0,0.0,0.0,0.0,0.0,0.4,0.0,0.0,0.0,0.0,0.0,0.0,0.0,0.0,0.0,0.0,0.0
#le-decorateur,0.5,0.3333333333333333,0.0,0.0,0.0,0.0,0.0,0.0,0.0,0.0,0.0,0.0,0.0,0.0,0.0,0.0,0.0,0.0,0.16666666666666666,0.0,0.0,0.0,0.0,0.0,0.0,0.0,0.0
#mademoiselle-l-etoile,0.0,0.0,0.0,0.0,0.0,1.0,0.0,0.0,0.0,0.0,0.0,0.0,0.0,0.0,0.0,0.0,0.0,0.0,0.0,0.0,0.0,0.0,0.0,0.0,0.0,0.0,0.0
#cleopatre,0.125,0.0,0.0,0.0,0.0,0.0,0.0,0.0,0.0,0.0,0.0,0.0,0.0,0.0,0.0,0.0,0.0,0.0,0.0,0.0,0.0,0.0,0.5,0.3125,0.0625,0.0,0.0
#charmion,0.18181818181818182,0.0,0.0,0.0,0.0,0.0,0.0,0.0,0.0,0.0,0.0,0.0,0.0,0.0,0.0,0.0,0.0,0.0,0.0,0.0,0.0,0.7272727272727273,0.0,0.0,0.09090909090909091,0.0,0.0
#antoine,0.0,0.0,0.0,0.0,0.0,0.0,0.0,0.0,0.0,0.0,0.0,0.0,0.0,0.0,0.0,0.0,0.0,0.0,0.0,0.0,0.0,0.2857142857142857,0.0,0.07142857142857142,0.6428571428571429,0.0,0.0
#eros,0.0,0.0,0.0,0.0,0.0,0.0,0.0,0.0,0.0,0.0,0.0,0.0,0.0,0.0,0.0,0.0,0.0,0.0,0.0,0.0,0.0,0.16666666666666666,0.16666666666666666,0.6666666666666666,0.0,0.0,0.0
#le-page,0.0,0.0,0.0,0.0,0.0,0.0,0.0,0.0,0.0,0.0,0.0,0.0,0.0,0.0,0.0,0.0,0.0,0.0,0.0,0.0,0.0,1.0,0.0,0.0,0.0,0.0,0.0
#le-laquais,0.0,0.0,0.0,0.0,0.0,0.0,0.0,1.0,0.0,0.0,0.0,0.0,0.0,0.0,0.0,0.0,0.0,0.0,0.0,0.0,0.0,0.0,0.0,0.0,0.0,0.0,0.0
