VALEUR,#la-veuve,#frosine,#angelique,#le-capitaine,#la-marquise,#jasmin,#valere,#flamand,#ariste
Fréquences (scènes),0.21052631578947367,0.5789473684210527,0.23684210526315788,0.21052631578947367,0.23684210526315788,0.02631578947368421,0.23684210526315788,0.18421052631578946,0.39473684210526316
Fréquences(répliques),0.0,0.0,0.0,0.0,0.0,0.0,0.0,0.0,0.0
Confrontation,0.125,0.2,0.1125,0.11875,0.13125,0.0125,0.10625,0.0625,0.13125
Déviations,#la-veuve,#frosine,#angelique,#le-capitaine,#la-marquise,#jasmin,#valere,#flamand,#ariste
#la-veuve,23.68421052631579,0.40430622009569367,0.005847953216374281,3.18421052631579,0.005847953216374281,0.21052631578947367,0.42251461988304084,0.1522556390977443,0.22456140350877188
#frosine,0.40430622009569367,6.736842105263158,0.008506113769271646,0.02930622009569375,0.2812333864965443,0.5789473684210527,0.2812333864965443,0.0006835269993164658,2.526634768740032
#angelique,0.005847953216374281,0.008506113769271717,22.131578947368425,0.42251461988304084,1.6377517868745946,2.4590643274853803,1.6377517868745946,1.657894736842105,1.83411306042885
#le-capitaine,3.18421052631579,0.02930622009569375,0.42251461988304084,23.68421052631579,0.005847953216374281,0.21052631578947367,0.42251461988304084,0.1522556390977443,1.0745614035087718
#la-marquise,0.005847953216374281,0.28123338649654467,1.6377517868745946,0.005847953216374281,22.131578947368425,2.4590643274853803,3.8599740090968173,0.26106934001670834,0.6785575048732945
#jasmin,0.21052631578947367,0.5789473684210527,2.4590643274853803,0.21052631578947367,2.4590643274853803,36.02631578947369,0.23684210526315788,0.18421052631578946,0.39473684210526316
#valere,0.42251461988304084,0.28123338649654467,1.6377517868745946,0.42251461988304084,3.8599740090968173,0.23684210526315788,22.131578947368425,1.657894736842105,0.6785575048732945
#flamand,0.1522556390977443,0.0006835269993164658,1.657894736842105,0.1522556390977443,0.26106934001670834,0.18421052631578946,1.657894736842105,25.289473684210524,0.02030075187969926
#ariste,0.22456140350877188,2.526634768740032,1.8341130604288496,1.0745614035087718,0.6785575048732941,0.39473684210526316,0.6785575048732941,0.02030075187969926,13.921052631578942
Successions,#la-veuve,#frosine,#angelique,#le-capitaine,#la-marquise,#jasmin,#valere,#flamand,#ariste
#la-veuve,0.0,0.3230769230769231,0.07692307692307693,0.2923076923076923,0.015384615384615385,0.0,0.0,0.0,0.2923076923076923
#frosine,0.19008264462809918,0.01652892561983471,0.1652892561983471,0.0743801652892562,0.049586776859504134,0.0,0.03305785123966942,0.4214876033057851,0.049586776859504134
#angelique,0.08771929824561403,0.3333333333333333,0.0,0.0,0.2807017543859649,0.0,0.2807017543859649,0.0,0.017543859649122806
#le-capitaine,0.20512820512820512,0.1282051282051282,0.0,0.01282051282051282,0.0,0.0,0.0,0.0,0.6538461538461539
#la-marquise,0.04054054054054054,0.08108108108108109,0.21621621621621623,0.0,0.013513513513513514,0.05405405405405406,0.36486486486486486,0.0,0.22972972972972974
#jasmin,0.0,0.0,0.0,0.0,1.0,0.0,0.0,0.0,0.0
#valere,0.01639344262295082,0.04918032786885246,0.2459016393442623,0.01639344262295082,0.4426229508196721,0.0,0.01639344262295082,0.0,0.21311475409836064
#flamand,0.0,0.6756756756756757,0.013513513513513514,0.0,0.0,0.0,0.0,0.02702702702702703,0.28378378378378377
#ariste,0.13953488372093023,0.07751937984496124,0.0,0.37209302325581395,0.13953488372093023,0.0,0.10077519379844961,0.16279069767441862,0.007751937984496124
